1.118033988749894819e-01 2.699172818834084664e-01 3.517630503187898494e-01 4.172559650603497872e-01 4.736067977499789361e-01 5.238612787525831482e-01 5.696652679075638881e-01 6.120317551718187365e-01 6.516379626418064008e-01 6.889635872182422460e-01 7.243633149480569466e-01 7.581082589755248069e-01 7.904112220356691587e-01 8.214429006819652379e-01 8.513427151592570796e-01 8.802262973921772815e-01 9.081908183646023591e-01 9.353188718899012599e-01 9.616813662657051065e-01 9.873397172404482225e-01
2.161586349641542526e+01 2.510869197315105339e+01 2.916591385336643327e+01 3.387872740689161333e+01 3.935306729907209444e+01 4.571198579112709126e+01 5.309841870998136670e+01 6.167839836106544027e+01 7.164478560396688067e+01 8.322160498056280176e+01 9.666908034068237043e+01 1.122894841561382009e+02 1.304339320040603809e+02 1.515102749459896074e+02 1.759922672076984895e+02 2.044302152309294343e+02 2.374633474665301378e+02 2.758341829573077462e+02 3.204052216877363435e+02 3.721783318663469800e+02
1.605220594014521127e-05 1.741040884315564759e-05 1.986053459356184486e-05 2.450454346666189917e-05 3.527509416979390106e-05 4.613999417601152093e-05 4.888422082367958822e-05 5.243199255703071980e-05 5.374594747924799412e-05 5.699891889140205426e-05 5.725024641232154612e-05 5.826892529908701737e-05 5.599513517597832948e-05 5.153587901093504447e-05 4.556493413131521399e-05 4.108712049558105057e-05 3.604897156382821379e-05 2.850730775605936216e-05 2.058638391772002539e-05 1.343237960218189508e-05
1.618005344464047167e-05 1.829653161431744654e-05 2.004257339998523053e-05 2.567541551482680750e-05 3.658530384948485530e-05 4.604434420683312915e-05 4.903537455722776350e-05 5.486718484594657499e-05 5.570384928976560148e-05 5.806042776625820268e-05 5.558215667344232423e-05 5.504483691308449217e-05 5.623314920012695257e-05 5.158272519648354770e-05 4.788234703025541635e-05 3.992459340746336435e-05 3.514776151464244901e-05 2.727428632100356489e-05 2.059535720937335633e-05 1.301950530905222563e-05
1.609926334381694705e-05 1.774421219131646352e-05 2.070572639199482531e-05 2.530323695213579425e-05 3.551247940408550237e-05 4.733149736255470353e-05 4.961249216005818958e-05 5.287899237263719453e-05 5.421365879238306332e-05 5.555481223930419372e-05 5.694575854508271466e-05 5.617875551690305728e-05 5.378484728189104934e-05 5.330363942109452426e-05 4.864822888041302098e-05 4.097921765216364830e-05 3.507338913353697207e-05 2.883874655095221940e-05 2.059035801390350748e-05 1.287563655592182231e-05
1.650782383527883807e-05 1.778533398380757638e-05 1.979986518810787163e-05 2.596969427812457603e-05 3.660704094715745910e-05 4.457279366751863443e-05 5.097886171955913796e-05 5.282302615634257336e-05 5.639734919539823280e-05 5.709502470286756729e-05 5.599147469800669867e-05 5.556002630273089785e-05 5.374602124890366140e-05 5.157894188938740737e-05 4.860207025883398819e-05 4.072894351337170727e-05 3.466944322774205491e-05 2.603268350144238242e-05 2.081637374777849616e-05 1.284084593603551750e-05
1.635580476411183470e-05 1.864541042574545108e-05 2.026088464292526516e-05 2.552307469409004760e-05 3.591033592220662307e-05 4.629447125397884752e-05 4.804351953008010343e-05 5.266061991903051118e-05 5.379163703966637300e-05 5.511272927228924178e-05 5.767859493326897579e-05 5.525370383780712276e-05 5.571014056280401130e-05 4.978089606324983949e-05 4.717535778402490870e-05 4.196114214707772559e-05 3.561598872987521214e-05 2.721002078239639845e-05 1.848197735900019732e-05 1.255215922033025026e-05
1.615723804340946855e-05 1.770091297006078779e-05 2.017869373071237371e-05 2.505040020659526597e-05 3.546191977558505956e-05 4.515667185336494696e-05 4.780728988813412537e-05 5.079365846101612620e-05 5.423736562704702650e-05 5.692859564594547096e-05 5.804325917771099695e-05 5.698641543863147989e-05 5.290414051723426225e-05 5.125919958327111861e-05 4.743693988067504929e-05 4.121065403340977380e-05 3.470927663892631442e-05 2.785331081114478856e-05 2.007844878405275982e-05 1.401139684722155111e-05
1.650808624696403006e-05 1.811779193201221882e-05 2.072789095549832272e-05 2.507236777098896565e-05 3.589751449730959579e-05 4.493786919217487982e-05 5.306179127694912078e-05 5.216476043249268805e-05 5.636152915355046981e-05 5.766025319572890971e-05 5.706886637155739780e-05 5.634186697477501981e-05 5.550163246557461208e-05 5.330684093408097015e-05 4.671753099101545986e-05 4.075088424307127559e-05 3.463200853895905310e-05 2.583851253825091444e-05 1.947441203210804146e-05 1.223544129631572017e-05
1.626269663423019182e-05 1.776082807053341035e-05 2.062660687085474237e-05 2.556009174362202678e-05 3.555408628314302334e-05 4.507901340906680519e-05 5.142739658780452836e-05 5.464151027552182260e-05 5.360059345573655383e-05 5.804711709994546468e-05 5.826588416676268471e-05 5.603884751582369639e-05 5.528052217092480509e-05 5.229087782176236452e-05 4.733181890145884833e-05 4.192063451748363160e-05 3.552328193555161776e-05 2.835183136146597729e-05 2.079466786126372998e-05 1.346481700062657745e-05
1.668287718803722098e-05 1.669367790654022326e-05 1.975109747348933361e-05 2.530889936238769637e-05 3.469815643087892354e-05 4.618457134512709693e-05 4.876853316716125687e-05 5.195757574377356995e-05 5.624911910129383957e-05 5.812576053586979922e-05 5.758544638782305252e-05 5.611659166177904840e-05 5.411768306765401778e-05 5.110940313008919416e-05 4.942317550530716391e-05 4.111529351471706337e-05 3.554623465422983221e-05 2.806355713546306122e-05 2.072195091389213332e-05 1.365510991981678965e-05
1.629749729808766152e-05 1.813228518515594211e-05 1.968325162789375787e-05 2.433742702629752255e-05 3.652655726467478309e-05 4.531253709630414766e-05 5.325182852395261986e-05 5.308673854398814529e-05 5.578712136346991905e-05 5.941153584938208237e-05 5.672508033103754725e-05 5.613730962744108545e-05 5.434454526946408864e-05 5.221476683680438801e-05 4.808208344473313629e-05 4.277076449291128976e-05 3.475164978760231894e-05 2.746776038195146788e-05 2.038828655611650434e-05 1.281324701902281481e-05
1.566656543404407434e-05 1.761875867191147043e-05 2.042814814084604092e-05 2.601974893684148800e-05 3.586104077917149030e-05 4.784198854593727900e-05 5.307155923788493731e-05 5.295932042888875063e-05 5.502212751549878677e-05 5.499419143617454564e-05 5.686965083331058514e-05 5.791142742964974744e-05 5.452279426492369233e-05 5.194283820606994037e-05 4.953732697311017817e-05 4.083897864982680387e-05 3.514075982142340947e-05 2.777751754863242798e-05 2.060109470557082710e-05 1.303314219458114100e-05
1.588880975459773659e-05 1.859979143389181043e-05 2.065342850738114924e-05 2.460096039437918502e-05 3.480161024359557917e-05 4.691202220708594984e-05 5.064450789953922388e-05 5.334015851962091968e-05 5.836917552921349527e-05 5.806762684739519677e-05 5.614741284248231693e-05 5.540608091361081766e-05 5.411898639700613446e-05 5.183863872649060360e-05 4.709658673343844362e-05 4.275242836797072017e-05 3.483481292056438573e-05 2.902644243879933528e-05 2.057004649097699011e-05 1.392424144829866893e-05
1.664792092743155448e-05 1.848053470342156715e-05 2.012815035835146570e-05 2.581641078361212075e-05 3.744973631372071560e-05 4.728436227399109612e-05 5.120057716537527786e-05 5.339295035769872557e-05 5.574819615564163833e-05 5.713909361482817943e-05 5.744430547617804532e-05 5.729312146110196772e-05 5.771494682712941226e-05 5.299239380101506878e-05 4.893755607166452030e-05 4.094611805567988029e-05 3.673063331697650749e-05 2.641734703732167151e-05 2.111911971437713644e-05 1.246978589354975148e-05
1.672951180788207113e-05 1.765694032119378539e-05 2.130439919499858825e-05 2.613873377270938865e-05 3.646954433067457540e-05 4.574188018839425111e-05 4.992998377532051368e-05 5.187728271122311625e-05 5.582065925328532155e-05 5.834204151137230667e-05 5.816591435929216198e-05 5.670741666340364698e-05 5.475322582422053182e-05 5.095216202969738090e-05 4.780405636591266133e-05 4.184670304545185762e-05 3.367471959498620829e-05 2.769778780532010040e-05 2.013591347549196061e-05 1.404017709387466620e-05
1.599361280583229736e-05 1.799384048241005086e-05 1.963559064024510806e-05 2.575034368475826076e-05 3.544643757622511755e-05 4.534647407573367574e-05 5.125558026066511581e-05 5.331697103687969114e-05 5.446763858075720748e-05 5.802061773124179977e-05 5.724453898783673958e-05 5.712062981957802352e-05 5.545928275114528398e-05 5.264685302426579019e-05 4.686071251115261275e-05 4.054802452193245017e-05 3.418984787570019908e-05 2.732504179789592793e-05 2.158765545636224994e-05 1.301194241318150084e-05
1.560694401508308686e-05 1.728118923132857364e-05 2.107291744562039398e-05 2.691555790685221916e-05 3.555801718811479667e-05 4.714410806253936648e-05 5.159765187234195455e-05 5.445235679250007868e-05 5.701605153384384022e-05 5.679863467627821504e-05 5.841483474982458139e-05 5.797325458257095529e-05 5.555969052920070193e-05 5.394285304599902504e-05 4.690008481950752540e-05 4.098040387523761946e-05 3.506261380148040398e-05 2.650664593149715953e-05 2.046959428266501984e-05 1.327109817168017181e-05
1.654343377630283502e-05 1.786270253269045844e-05 2.110308638317448949e-05 2.579482780642427647e-05 3.638841459050562807e-05 4.602367293111652683e-05 5.102717333292777486e-05 5.373350746014476909e-05 5.496210543313407248e-05 5.735190656597681589e-05 5.817930248509690656e-05 5.860483649618735043e-05 5.649824289563882380e-05 5.309233656898885122e-05 4.634364726850931197e-05 4.259834046638606925e-05 3.570186939208697021e-05 2.859192810389315112e-05 1.991149278645399669e-05 1.349391507715279124e-05
1.581743520026740593e-05 1.775576389483042941e-05 2.055350014707431404e-05 2.586188031316179149e-05 3.796916731669224129e-05 4.630430224220174812e-05 5.092319635019097572e-05 5.352044235195163395e-05 5.522729230390175075e-05 5.769295922451748635e-05 5.834569108329495148e-05 5.740619580999399118e-05 5.755625034903847227e-05 5.250027780844617148e-05 4.812501693828981852e-05 4.152436468193718621e-05 3.508113827620131919e-05 2.693593138124134606e-05 2.151458036325399367e-05 1.219142541773885673e-05
1.573606463812154567e-05 1.757162391457053912e-05 1.968843858950120585e-05 2.541276266348936884e-05 3.545542452728404567e-05 4.598006493976400551e-05 5.174645615722569625e-05 5.281983368203448223e-05 5.774353811586844658e-05 5.626896004405134777e-05 5.805490688145491799e-05 5.771507327662543467e-05 5.482596717981935144e-05 5.174914349132530986e-05 4.851696881142359639e-05 4.091770608711249970e-05 3.567375902150750659e-05 2.745828851310682474e-05 2.060469722140655658e-05 1.368055769884786855e-05
1.666011655398756097e-05 1.900065975039630717e-05 2.113408779073914020e-05 2.542349575113311475e-05 3.612615921295278467e-05 4.607375754381529961e-05 5.008551552176135303e-05 5.201411582889085166e-05 5.592017181190451331e-05 5.782586630907329486e-05 5.788224067536806188e-05 5.534008626069342808e-05 5.634619154309525362e-05 5.317729199309717753e-05 4.617740656563756955e-05 4.333653947767377574e-05 3.571450264158696646e-05 2.824472080524991871e-05 2.057674890118156162e-05 1.294250971083808747e-05
