1.118033988749894819e-01 2.699172818834084664e-01 3.517630503187898494e-01 4.172559650603497872e-01 4.736067977499789361e-01 5.238612787525831482e-01 5.696652679075638881e-01 6.120317551718187365e-01 6.516379626418064008e-01 6.889635872182422460e-01 7.243633149480569466e-01 7.581082589755248069e-01 7.904112220356691587e-01 8.214429006819652379e-01 8.513427151592570796e-01 8.802262973921772815e-01 9.081908183646023591e-01 9.353188718899012599e-01 9.616813662657051065e-01 9.873397172404482225e-01
2.161586349641542526e+01 2.510869197315105339e+01 2.916591385336643327e+01 3.387872740689161333e+01 3.935306729907209444e+01 4.571198579112709126e+01 5.309841870998136670e+01 6.167839836106544027e+01 7.164478560396688067e+01 8.322160498056280176e+01 9.666908034068237043e+01 1.122894841561382009e+02 1.304339320040603809e+02 1.515102749459896074e+02 1.759922672076984895e+02 2.044302152309294343e+02 2.374633474665301378e+02 2.758341829573077462e+02 3.204052216877363435e+02 3.721783318663469800e+02
1.346684147453915665e-05 1.666417987959986112e-05 1.862417542218696931e-05 2.318515130078154407e-05 3.317936474113510368e-05 4.308373314574595646e-05 4.709698993007584373e-05 5.133196517733819926e-05 5.088732690968777203e-05 5.313555805996607534e-05 5.367151508213691743e-05 5.250536341059804134e-05 5.258112976975650831e-05 4.775555630632233024e-05 4.589514282955659279e-05 4.039109738204180899e-05 3.372969674667934225e-05 2.671744373857885241e-05 1.990305711141513088e-05 1.239373147849028180e-05
1.422745520125870521e-05 1.658859359578939875e-05 1.854233093880687904e-05 2.369370823545985011e-05 3.298191383016735475e-05 4.208701114866916510e-05 4.675658347963041318e-05 4.621893678305082016e-05 5.095237721025230101e-05 5.226999718094205784e-05 5.412042383461772852e-05 5.220119916108130064e-05 5.298535836597566989e-05 5.077780795497826303e-05 4.398870618784060568e-05 3.895430173108734045e-05 3.449654315980931493e-05 2.672718050486895595e-05 1.857619580526414642e-05 1.228168694384652752e-05
1.524432418606134399e-05 1.637871047300297792e-05 1.831747753953259008e-05 2.291378623571732175e-05 3.314233504317150601e-05 4.270571585884146181e-05 4.614046738133825069e-05 4.898920607877348631e-05 5.025809710318984057e-05 5.414790397422210538e-05 5.233369083400948640e-05 5.316262958026528481e-05 5.022882008408902370e-05 5.056609910975012759e-05 4.520007015258550349e-05 3.986242045242494351e-05 3.262292634654650851e-05 2.592162469776505227e-05 2.034641462657936210e-05 1.166769648740425640e-05
1.467144178968382803e-05 1.716679687891886432e-05 1.900515675790488308e-05 2.352274342389662056e-05 3.147673865828413037e-05 4.380000962207236572e-05 4.605150242371922953e-05 4.769261360965281789e-05 5.281202350882097010e-05 5.355561816742847130e-05 5.273013609257743870e-05 5.337093206679960854e-05 5.244727474865531932e-05 4.831682894004264131e-05 4.492387264899165892e-05 4.038686928360491282e-05 3.307650648011824137e-05 2.600770827970352026e-05 2.035988497786973313e-05 1.281417797230804491e-05
1.462488593824932411e-05 1.584778145362265611e-05 1.889329832657683461e-05 2.342843184488321387e-05 3.344795992249237164e-05 4.445765674748716116e-05 4.623593523665056121e-05 5.070232364820312371e-05 5.251109243605548609e-05 5.340836387766254012e-05 5.441807229052293953e-05 5.462023319374144576e-05 5.160564731517969380e-05 5.095830785303094557e-05 4.334994909882918575e-05 3.902956239502514406e-05 3.478276541358165741e-05 2.698429686658912284e-05 2.006520955081784492e-05 1.293844810190463582e-05
1.547880957738665555e-05 1.687649703435369994e-05 1.874947669501954748e-05 2.340492440962715513e-05 3.361477767703559554e-05 4.369254956411489950e-05 4.641936323047285743e-05 4.791315394810747664e-05 5.339775298812574701e-05 5.584103124543398418e-05 5.490655585611477760e-05 5.195934883438922583e-05 5.418075600340938318e-05 4.928515458329620958e-05 4.629683591514536297e-05 3.946229816037815789e-05 3.369786595684125393e-05 2.574754697037778971e-05 2.022471778208752562e-05 1.224990354240842124e-05
1.534938593424032015e-05 1.701752336388802453e-05 1.984639727632890894e-05 2.453209407851270231e-05 3.432319034722196933e-05 4.337319004794818313e-05 4.895560925896915697e-05 4.976574593819327579e-05 5.218845778879052731e-05 5.529996194550300316e-05 5.423834742649164702e-05 5.480254192119010718e-05 5.212437901947942110e-05 4.915483100296873242e-05 4.591125042401074640e-05 3.992286810306766294e-05 3.377766520385972008e-05 2.637835607679722916e-05 2.111751127495075284e-05 1.242691816497405974e-05
1.582939807643364341e-05 1.702312373650890611e-05 1.893352083552604087e-05 2.361655818670791701e-05 3.377101259788326622e-05 4.400580651946905145e-05 4.678992492095479635e-05 5.072791120741165273e-05 5.309322776291128194e-05 5.475804015567425681e-05 5.341173055899451900e-05 5.528986704545739569e-05 5.522374322674833012e-05 5.051933246517884978e-05 4.648705857829343792e-05 3.915602788945173691e-05 3.422159518034786050e-05 2.823361701694096390e-05 2.056458805227690510e-05 1.273954264061635819e-05
1.593444380732163582e-05 1.655866765519075991e-05 1.926713450630991597e-05 2.474161698417659471e-05 3.250391134068417545e-05 4.285337625640888717e-05 5.043468970457613745e-05 5.174504859344194671e-05 5.430020991874511156e-05 5.523865042510878046e-05 5.448572979527799255e-05 5.294958881057288758e-05 5.381765222408129237e-05 4.960201797009892348e-05 4.652489341291378942e-05 3.932131631511064530e-05 3.586114107429298206e-05 2.433760033242340516e-05 1.808001460309249456e-05 1.314936304977439558e-05
1.584038393822977798e-05 1.633931632114783076e-05 1.963994505008439194e-05 2.360399319729377079e-05 3.480044171728571964e-05 4.411285623316599377e-05 4.753040881952532533e-05 5.142829572161604818e-05 5.384612445128976748e-05 5.555418309970394089e-05 5.493711590891281785e-05 5.660419718782900146e-05 5.437079641750588749e-05 4.960613417291951863e-05 4.604472225512192928e-05 4.204508508813011285e-05 3.538063420255397468e-05 2.712941813872096837e-05 2.006130001760325269e-05 1.342833090466345985e-05
1.582894086078972075e-05 1.799505940450583325e-05 1.949580713086161631e-05 2.478219497362376094e-05 3.525404753408098544e-05 4.408103097899748442e-05 4.860892956591670580e-05 5.413922608378140720e-05 5.384986697674682863e-05 5.726076416495207762e-05 5.676355619961065890e-05 5.678364737851117859e-05 5.283360429818056059e-05 5.280410865055154600e-05 4.631772681206049831e-05 4.055335216234989604e-05 3.518103217883530788e-05 2.833188121007561969e-05 2.016299253640517052e-05 1.278205680269458458e-05
1.580619116225933892e-05 1.678271544223837726e-05 2.027777525494646390e-05 2.503624945174454791e-05 3.572336961954800496e-05 4.502449243247958019e-05 5.119124819407145369e-05 5.156025087665832256e-05 5.519402990115967371e-05 5.769069719630676163e-05 5.738529004796447418e-05 5.718996231739155542e-05 5.490522700069123101e-05 5.299368048374920924e-05 4.655935696182266907e-05 4.121933101110799517e-05 3.716849211541394443e-05 2.690465856224647591e-05 2.007558577679689090e-05 1.246787688751630152e-05
1.605175702762443466e-05 1.849847193431138122e-05 1.960388525801263533e-05 2.606475781877897466e-05 3.713939596893595563e-05 4.770252337892202769e-05 5.241330627508160496e-05 5.337987442093291050e-05 5.672784809221348239e-05 5.715583025855029643e-05 5.877229677794318916e-05 5.648555113380608541e-05 5.532365998670754327e-05 5.211078451451409604e-05 4.916934387329499503e-05 4.167787081195360710e-05 3.657421579522806047e-05 2.744830627486012040e-05 2.066937677354183106e-05 1.337696809260972383e-05
1.629794346415021914e-05 1.900276923176767133e-05 2.037702851768416026e-05 2.581658392833393725e-05 3.661910528637365048e-05 4.641440132158804909e-05 5.234290268591700995e-05 5.540958025253209642e-05 5.759651722727921066e-05 5.792778639792918677e-05 5.823394608602936622e-05 5.760987280534280098e-05 5.601912642002515781e-05 5.506164451503535646e-05 4.903786201722357092e-05 4.213080236048096476e-05 3.529747626266484218e-05 2.693174883397895283e-05 2.047278242473857512e-05 1.440539652290133459e-05
1.654293813431657358e-05 1.878874024014733340e-05 2.096579589225718292e-05 2.654554769426119764e-05 3.752450403717671708e-05 4.653939050382173236e-05 5.299866222263302246e-05 5.434914424411635718e-05 5.722786016039942944e-05 6.017109137969430861e-05 6.080744999528207395e-05 5.809144858153494445e-05 5.758755153739218951e-05 5.473958520468114692e-05 5.083023494670203986e-05 4.291286543767011430e-05 3.409577536184275589e-05 2.892662150047285510e-05 2.184936554112223343e-05 1.379003892997921347e-05
1.767847485797206515e-05 1.785325505943514745e-05 2.161579744333346579e-05 2.760737234901171247e-05 3.797752412888373281e-05 4.792691841640197225e-05 5.415574931184241787e-05 5.652030891071817324e-05 5.779889667831545187e-05 6.039196861401635146e-05 6.157149448280478383e-05 5.959193791185104816e-05 5.873847008087698744e-05 5.466277239336885451e-05 5.050196435891325734e-05 4.417612711899529412e-05 3.687577243114351772e-05 2.994244331350436717e-05 2.245100479573749591e-05 1.367579467848769612e-05
1.774847337079504646e-05 1.941739304033070026e-05 2.196956648996665644e-05 2.754182514884722570e-05 3.979411396272419826e-05 4.784611349855564226e-05 5.519409665773959261e-05 5.870499438871230804e-05 6.026561551806660310e-05 5.993544542721444861e-05 6.341937225340364985e-05 6.229833890221089278e-05 5.987835925550933882e-05 5.403418196449467860e-05 5.234750702100029709e-05 4.366535312915896701e-05 3.721693088474572868e-05 3.011933306960442935e-05 2.143471608121287901e-05 1.473173604054454160e-05
1.895302933162084153e-05 1.989518096879714959e-05 2.244902987276639505e-05 2.961259333540780750e-05 4.140527434167683163e-05 5.313995924625082514e-05 5.606545557348378302e-05 5.892902344608820151e-05 6.262894446372463267e-05 6.459187352363698789e-05 6.580727111033359347e-05 6.396979516254737593e-05 6.012956515471277552e-05 5.752362649952392186e-05 5.001867078381816076e-05 4.448878188268537854e-05 3.701535580869953095e-05 3.021729899936564698e-05 2.145922524923327276e-05 1.536159876344662806e-05
1.910472309682504413e-05 2.051869092032498012e-05 2.428427825321321888e-05 3.039924291562066781e-05 4.235315460738064205e-05 5.286351243108614192e-05 5.964340564621636279e-05 6.033894357400271556e-05 6.182031151298890783e-05 6.464906075109841713e-05 6.322294043048587106e-05 6.411051194887183941e-05 6.155512025912643099e-05 5.604538166078737514e-05 5.161534724546384842e-05 4.650072251151634640e-05 3.684361811706511342e-05 2.841241626791521645e-05 2.210130909442202464e-05 1.399264795920810974e-05
1.971412042251436544e-05 2.289573142540859258e-05 2.648099461163671409e-05 2.999049751640530032e-05 4.252190526111480321e-05 5.599614922148730956e-05 5.732827928902471833e-05 5.988645157428152397e-05 6.302854612184511404e-05 6.251324731485808934e-05 6.264863100763926138e-05 5.980843444748624684e-05 5.843715435367069684e-05 5.628012233726101840e-05 5.214333434309024025e-05 4.288180202021834317e-05 3.560665366713827783e-05 3.000016784829842895e-05 1.964390771778153275e-05 1.228541986249009028e-05
