   0.00000000       100.00000000000000     
   10.000000000000000        1.5316539320297507E-047
   12.067926406393285        1.3359105331353492E-047
   14.563484775012439        1.1671798525267316E-047
   17.575106248547918        1.0191988965907700E-047
   21.209508879201909        8.9232629368710560E-048
   25.595479226995359        7.8319059713632458E-048
   30.888435964774811        6.8761718590066573E-048
   37.275937203149397        6.0432125347417155E-048
   44.984326689694456        5.3238428585423003E-048
   54.286754393238596        4.7007787869863319E-048
   65.512855685955074        4.1596605245283972E-048
   79.060432109076984        3.6806444486452545E-048
   95.409547634999399        3.2631116836751141E-048
   115.13953993264468        2.8993356749745731E-048
   138.94954943731375        2.5816471637889210E-048
   167.68329368110074        2.3035889427043144E-048
   202.35896477251566        2.0597031965923984E-048
   244.20530945486513        1.8453590171710406E-048
   294.70517025518097        1.6566118785010759E-048
   355.64803062231283        1.4900886671412940E-048
   429.19342601287758        1.3428932726786423E-048
   517.94746792312094        1.2125288453060323E-048
   625.05519252739691        1.0968337056726385E-048
   754.31200633546155        9.9392860026655300E-049
   910.29817799152170        9.0217356678601583E-049
   1098.5411419875584        8.2013312345435792E-049
   1325.7113655901082        7.4654881029082225E-049
   1599.8587196060571        6.8031825580602132E-049
   1930.6977288832495        6.2047987820174029E-049
   2329.9518105153716        5.6620204300283350E-049
   2811.7686979742280        5.1677506164113367E-049
   3393.2217718953261        4.7072418533852178E-049
   4094.9150623804235        4.2857315695226169E-049
   4941.7133613238329        3.8996775881945309E-049
   5963.6233165946433        3.5457977613179353E-049
   7196.8567300115137        3.2214055931374907E-049
   8685.1137375135204        2.9242558146393499E-049
   10481.131341546852        2.6524046884771144E-049
   12648.552168552958        2.4040984245218181E-049
   15264.179671752318        2.1776956415054916E-049
   18420.699693267146        1.9716222864009550E-049
   22229.964825261930        1.7843523561066957E-049
   26826.957952797246        1.6144058754714164E-049
   32374.575428176431        1.4603561984139548E-049
   39069.399370546133        1.3208406177443684E-049
   47148.663634573895        1.1945704599415270E-049
   56898.660290182932        1.0803386973917679E-049
   68664.884500429980        9.7702441564039705E-050
   82864.277285468430        8.8305754048153349E-050
   99999.999999999884        7.9811181905034482E-050
