   0.00000000       4999.9999999999991     
   10.000000000000000        3.3912251723729723E-046
   12.067926406393285        2.9634292492119675E-046
   14.563484775012439        2.5856017125435468E-046
   17.575106248547918        2.2617164798669164E-046
   21.209508879201909        1.9831413784825667E-046
   25.595479226995359        1.7397487174111433E-046
   30.888435964774811        1.5267186953741671E-046
   37.275937203149397        1.3427469338546458E-046
   44.984326689694456        1.1834024884598769E-046
   54.286754393238596        1.0446331729892999E-046
   65.512855685955074        9.2145569117766656E-047
   79.060432109076984        8.1439068422090871E-047
   95.409547634999399        7.2109152555670269E-047
   115.13953993264468        6.3959186278170130E-047
   138.94954943731375        5.6823786759698489E-047
   167.68329368110074        5.0563360230352849E-047
   202.35896477251566        4.4980660705563411E-047
   244.20530945486513        4.0074841469742613E-047
   294.70517025518097        3.5760380051622261E-047
   355.64803062231283        3.1959253605665603E-047
   429.19342601287758        2.8604893870733695E-047
   517.94746792312094        2.5640328180440677E-047
   625.05519252739691        2.3016646165831453E-047
   754.31200633546155        2.0691729705468774E-047
   910.29817799152170        1.8629196318275563E-047
   1098.5411419875584        1.6797516115069593E-047
   1325.7113655901082        1.5169270268583067E-047
   1599.8587196060571        1.3720525235111616E-047
   1930.6977288832495        1.2430302069631274E-047
   2329.9518105153716        1.1280124469449274E-047
   2811.7686979742280        1.0253632959337569E-047
   3393.2217718953261        9.3362561652141107E-048
   4094.9150623804235        8.5149336132918068E-048
   4941.7133613238329        7.7738411238882721E-048
   5963.6233165946433        7.0937139158575872E-048
   7196.8567300115137        6.4791952517426358E-048
   8685.1137375135204        5.9217951222768261E-048
   10481.131341546852        5.4139200058337998E-048
   12648.552168552958        4.9488915263714801E-048
   15264.179671752318        4.5209900608854660E-048
   18420.699693267146        4.1254970369261757E-048
   22229.964825261930        3.7557416332591050E-048
   26826.957952797246        3.4103238235749555E-048
   32374.575428176431        3.0909406933760598E-048
   39069.399370546133        2.7959530984395293E-048
   47148.663634573895        2.5241301364586140E-048
   56898.660290182932        2.2744673486294504E-048
   68664.884500429980        2.0460358152320072E-048
   82864.277285468430        1.8378778483791732E-048
   99999.999999999884        1.6489517757768086E-048
