   0.00000000       100.00000000000000     
   10.000000000000000        1.9361667825516381E-048
   12.067926406393285        1.7099518905313336E-048
   14.563484775012439        1.5132222414597736E-048
   17.575106248547918        1.3416894108679544E-048
   21.209508879201909        1.1917599622944914E-048
   25.595479226995359        1.0585165387793665E-048
   30.888435964774811        9.4164841982825626E-049
   37.275937203149397        8.3919756694278190E-049
   44.984326689694456        7.4920068410218202E-049
   54.286754393238596        6.6999413234249985E-049
   65.512855685955074        6.0016385037927693E-049
   79.060432109076984        5.3850443632048044E-049
   95.409547634999399        4.8398559568606851E-049
   115.13953993264468        4.3572454093592729E-049
   138.94954943731375        3.9296322371991262E-049
   167.68329368110074        3.5504951329669514E-049
   202.35896477251566        3.2142161827535739E-049
   244.20530945486513        2.9159519587099854E-049
   294.70517025518097        2.6515271261252665E-049
   355.64803062231283        2.4173472054938859E-049
   429.19342601287758        2.2103280024066878E-049
   517.94746792312094        2.0274550338454915E-049
   625.05519252739691        1.8605467252161634E-049
   754.31200633546155        1.7137429415870917E-049
   910.29817799152170        1.5854412766390371E-049
   1098.5411419875584        1.4743619392622883E-049
   1325.7113655901082        1.3719355090774549E-049
   1599.8587196060571        1.2832018605863936E-049
   1930.6977288832495        1.2079613985165859E-049
   2329.9518105153716        1.1374267036930235E-049
   2811.7686979742280        1.0802174254818418E-049
   3393.2217718953261        1.0258753076808297E-049
   4094.9150623804235        9.8244717448497499E-050
   4941.7133613238329        9.4113594216139959E-050
   5963.6233165946433        9.0676716869881971E-050
   7196.8567300115137        8.7824791694630481E-050
   8685.1137375135204        8.4997219588091394E-050
   10481.131341546852        8.2636695010740813E-050
   12648.552168552958        8.0634917259930606E-050
   15264.179671752318        7.8809812834477575E-050
   18420.699693267146        7.6951605581569136E-050
   22229.964825261930        7.5279986121835838E-050
   26826.957952797246        7.3738069132669917E-050
   32374.575428176431        7.2279602476530933E-050
   39069.399370546133        7.0727804362233760E-050
   47148.663634573895        6.9027962456841297E-050
   56898.660290182932        6.7330813132279147E-050
   68664.884500429980        6.5619104637834799E-050
   82864.277285468430        6.3765063579886962E-050
   99999.999999999884        6.1628703635076748E-050
