   0.00000000       4999.9999999999991     
   10.000000000000000        3.5843731512091139E-046
   12.067926406393285        3.1342298806277717E-046
   14.563484775012439        2.7476765909494628E-046
   17.575106248547918        2.4146524215639107E-046
   21.209508879201909        2.1203659298429703E-046
   25.595479226995359        1.8659231906817970E-046
   30.888435964774811        1.6458517970828429E-046
   37.275937203149397        1.4549735689998639E-046
   44.984326689694456        1.2888388261366495E-046
   54.286754393238596        1.1414849476002017E-046
   65.512855685955074        1.0132643159572792E-046
   79.060432109076984        9.0142874154140730E-047
   95.409547634999399        8.0367087777150870E-047
   115.13953993264468        7.1804636596265910E-047
   138.94954943731375        6.4291088349864736E-047
   167.68329368110074        5.7686900454967763E-047
   202.35896477251566        5.1873245964508302E-047
   244.20530945486513        4.6748589765163959E-047
   294.70517025518097        4.2225865009439259E-047
   355.64803062231283        3.8230130212557078E-047
   429.19342601287758        3.4696610870837681E-047
   517.94746792312094        3.1569047598897942E-047
   625.05519252739691        2.8798287125566061E-047
   754.31200633546155        2.6341064504031992E-047
   910.29817799152170        2.4158936288048298E-047
   1098.5411419875584        2.2178639606985192E-047
   1325.7113655901082        2.0377321327593555E-047
   1599.8587196060571        1.8759288199719369E-047
   1930.6977288832495        1.7298493121854551E-047
   2329.9518105153716        1.5970659581684656E-047
   2811.7686979742280        1.4711168365603477E-047
   3393.2217718953261        1.3535753508676202E-047
   4094.9150623804235        1.2442743633628614E-047
   4941.7133613238329        1.1418165715684535E-047
   5963.6233165946433        1.0451537154587862E-047
   7196.8567300115137        9.5361274683422941E-048
   8685.1137375135204        8.6590419420827064E-048
   10481.131341546852        7.8349180353579385E-048
   12648.552168552958        7.0654251396907974E-048
   15264.179671752318        6.3512396408164170E-048
   18420.699693267146        5.6929454399173794E-048
   22229.964825261930        5.0869434005253405E-048
   26826.957952797246        4.5322852879875778E-048
   32374.575428176431        4.0310457773638501E-048
   39069.399370546133        3.5807692393051570E-048
   47148.663634573895        3.1782365146249961E-048
   56898.660290182932        2.8197627724268983E-048
   68664.884500429980        2.5014560162847600E-048
   82864.277285468430        2.2190038919309128E-048
   99999.999999999884        1.9646605119060130E-048
