   0.00000000       100.00000000000000     
   10.000000000000000        1.9332971519417407E-048
   12.067926406393285        1.7073989414945912E-048
   14.563484775012439        1.5109426314423583E-048
   17.575106248547918        1.3396465855459903E-048
   21.209508879201909        1.1899229500515034E-048
   25.595479226995359        1.0565885930778824E-048
   30.888435964774811        9.3990475969598054E-049
   37.275937203149397        8.3761482111551245E-049
   44.984326689694456        7.4775873011793572E-049
   54.286754393238596        6.6867554189420751E-049
   65.512855685955074        5.9895343050910830E-049
   79.060432109076984        5.3738884696974100E-049
   95.409547634999399        4.8295302782725996E-049
   115.13953993264468        4.3476444232523115E-049
   138.94954943731375        3.9206606129352428E-049
   167.68329368110074        3.5420656259659417E-049
   202.35896477251566        3.2062477097326622E-049
   244.20530945486513        2.9083677655558722E-049
   294.70517025518097        2.6442529532396047E-049
   355.64803062231283        2.4103093392987446E-049
   429.19342601287758        2.2034510722765105E-049
   517.94746792312094        2.0210443578691474E-049
   625.05519252739691        1.8548986411875782E-049
   754.31200633546155        1.7080477993851096E-049
   910.29817799152170        1.5796094758548177E-049
   1098.5411419875584        1.4682855657292613E-049
   1325.7113655901082        1.3666133699724013E-049
   1599.8587196060571        1.2774860709792610E-049
   1930.6977288832495        1.2026391391302504E-049
   2329.9518105153716        1.1316510392689344E-049
   2811.7686979742280        1.0736311120914764E-049
   3393.2217718953261        1.0195863385149876E-049
   4094.9150623804235        9.7612732361652661E-050
   4941.7133613238329        9.3375458422568817E-050
   5963.6233165946433        8.9931934851301152E-050
   7196.8567300115137        8.6894291759657007E-050
   8685.1137375135204        8.4032558675819245E-050
   10481.131341546852        8.1622261491912549E-050
   12648.552168552958        7.9555488584502490E-050
   15264.179671752318        7.7398183597247306E-050
   18420.699693267146        7.5433112712950907E-050
   22229.964825261930        7.3638940689863826E-050
   26826.957952797246        7.1960776443641538E-050
   32374.575428176431        7.0104625453735403E-050
   39069.399370546133        6.8203174512163623E-050
   47148.663634573895        6.6331697498615921E-050
   56898.660290182932        6.4471996043190806E-050
   68664.884500429980        6.2224220418754828E-050
   82864.277285468430        5.9988581341486445E-050
   99999.999999999884        5.7727543868426789E-050
