   0.00000000       100.00000000000000     
   10.000000000000000        1.9321911328045909E-048
   12.067926406393285        1.7064121356089907E-048
   14.563484775012439        1.5100588442063050E-048
   17.575106248547918        1.3388521563718151E-048
   21.209508879201909        1.1891524539065888E-048
   25.595479226995359        1.0558342977676496E-048
   30.888435964774811        9.3922036945235880E-049
   37.275937203149397        8.3699157772552586E-049
   44.984326689694456        7.4718908671311528E-049
   54.286754393238596        6.6815295510807835E-049
   65.512855685955074        5.9847218832976050E-049
   79.060432109076984        5.3694392498950141E-049
   95.409547634999399        4.8253996801255972E-049
   115.13953993264468        4.3437924942619690E-049
   138.94954943731375        3.9170511278382490E-049
   167.68329368110074        3.5386652848156086E-049
   202.35896477251566        3.2030254006054734E-049
   244.20530945486513        2.9052938576799697E-049
   294.70517025518097        2.6412985832074903E-049
   355.64803062231283        2.4074456462187931E-049
   429.19342601287758        2.2006483254373777E-049
   517.94746792312094        2.0182709004729965E-049
   625.05519252739691        1.8525896289152267E-049
   754.31200633546155        1.7057176309429227E-049
   910.29817799152170        1.5772220094512633E-049
   1098.5411419875584        1.4657971133981826E-049
   1325.7113655901082        1.3644320177457741E-049
   1599.8587196060571        1.2751437755291168E-049
   1930.6977288832495        1.2000670203240113E-049
   2329.9518105153716        1.1292842663366773E-049
   2811.7686979742280        1.0709341366004240E-049
   3393.2217718953261        1.0170105623736337E-049
   4094.9150623804235        9.7307307426533626E-050
   4941.7133613238329        9.3073389838927750E-050
   5963.6233165946433        8.9627027811152778E-050
   7196.8567300115137        8.6513903747725989E-050
   8685.1137375135204        8.3638025101438608E-050
   10481.131341546852        8.1207095510892216E-050
   12648.552168552958        7.9063210207966330E-050
   15264.179671752318        7.6821414075879600E-050
   18420.699693267146        7.4812294111095600E-050
   22229.964825261930        7.2967590991494380E-050
   26826.957952797246        7.1175514167529082E-050
   32374.575428176431        6.9147633072789158E-050
   39069.399370546133        6.7176805821066676E-050
   47148.663634573895        6.5237119140194093E-050
   56898.660290182932        6.3072214592109658E-050
   68664.884500429980        6.0759829071902040E-050
   82864.277285468430        5.8486682270269111E-050
   99999.999999999884        5.5884803668476264E-050
