   0.00000000       100.00000000000000     
   10.000000000000000        1.9305605620374005E-048
   12.067926406393285        1.7049580153327091E-048
   14.563484775012439        1.5087572033782469E-048
   17.575106248547918        1.3376827745759752E-048
   21.209508879201909        1.1879251859701997E-048
   25.595479226995359        1.0547255952169229E-048
   30.888435964774811        9.3821510480985507E-049
   37.275937203149397        8.3607679034642113E-049
   44.984326689694456        7.4635360912299358E-049
   54.286754393238596        6.6738710575418759E-049
   65.512855685955074        5.9776751723052435E-049
   79.060432109076984        5.3629300151934831E-049
   95.409547634999399        4.8193620211854148E-049
   115.13953993264468        4.3381673909275092E-049
   138.94954943731375        3.9117851167478458E-049
   167.68329368110074        3.5337092840314685E-049
   202.35896477251566        3.1983336327140404E-049
   244.20530945486513        2.9008228217375347E-049
   294.70517025518097        2.6370060219452914E-049
   355.64803062231283        2.4032894456119038E-049
   429.19342601287758        2.1965852669787838E-049
   517.94746792312094        2.0142551586606019E-049
   625.05519252739691        1.8492489942305528E-049
   754.31200633546155        1.7023507904047954E-049
   910.29817799152170        1.5737772481039112E-049
   1098.5411419875584        1.4622122064489633E-049
   1325.7113655901082        1.3612929855336364E-049
   1599.8587196060571        1.2717793466552080E-049
   1930.6977288832495        1.1963802926449422E-049
   2329.9518105153716        1.1258974263680176E-049
   2811.7686979742280        1.0670852969597138E-049
   3393.2217718953261        1.0133429900882124E-049
   4094.9150623804235        9.6874016299731626E-050
   4941.7133613238329        9.2646219932752387E-050
   5963.6233165946433        8.9197464604604756E-050
   7196.8567300115137        8.5981121294337158E-050
   8685.1137375135204        8.3088363374281436E-050
   10481.131341546852        8.0632296438189373E-050
   12648.552168552958        7.8322970505085101E-050
   15264.179671752318        7.6037288705151113E-050
   18420.699693267146        7.3976755941881068E-050
   22229.964825261930        7.2074453342707522E-050
   26826.957952797246        7.0012192127585134E-050
   32374.575428176431        6.7914905579611574E-050
   39069.399370546133        6.5876929517654813E-050
   47148.663634573895        6.3756769558933292E-050
   56898.660290182932        6.1364660345134390E-050
   68664.884500429980        5.9025367043895737E-050
   82864.277285468430        5.6468222945908154E-050
   99999.999999999884        5.3818586395024037E-050
