   0.00000000       100.00000000000000     
   10.000000000000000        1.9857890156212591E-048
   12.067926406393285        1.7583436638288395E-048
   14.563484775012439        1.5606366860416052E-048
   17.575106248547918        1.3883691971448584E-048
   21.209508879201909        1.2379398818073743E-048
   25.595479226995359        1.1063213289088097E-048
   30.888435964774811        9.9096038769504546E-049
   37.275937203149397        8.8969757384461623E-049
   44.984326689694456        8.0070166888440166E-049
   54.286754393238596        7.2241651293106884E-049
   65.512855685955074        6.5351765440741875E-049
   79.060432109076984        5.9287704040736094E-049
   95.409547634999399        5.3953434553497726E-049
   115.13953993264468        4.9267387498311061E-049
   138.94954943731375        4.5160626405214034E-049
   167.68329368110074        4.1575445353960400E-049
   202.35896477251566        3.8366123197189295E-049
   244.20530945486513        3.5517877341480332E-049
   294.70517025518097        3.3060893293433309E-049
   355.64803062231283        3.0930751355515902E-049
   429.19342601287758        2.8975142510372114E-049
   517.94746792312094        2.7340024061957091E-049
   625.05519252739691        2.5839095849195764E-049
   754.31200633546155        2.4572854573608548E-049
   910.29817799152170        2.3406706477947192E-049
   1098.5411419875584        2.2449846416624482E-049
   1325.7113655901082        2.1505074614171865E-049
   1599.8587196060571        2.0715968804694318E-049
   1930.6977288832495        2.0002278939407445E-049
   2329.9518105153716        1.9304024105071936E-049
   2811.7686979742280        1.8689428535612029E-049
   3393.2217718953261        1.8111860470766284E-049
   4094.9150623804235        1.7497691593191204E-049
   4941.7133613238329        1.6923663949878643E-049
   5963.6233165946433        1.6362860862890742E-049
   7196.8567300115137        1.5728334421648068E-049
   8685.1137375135204        1.5116165595931607E-049
   10481.131341546852        1.4462882702369288E-049
   12648.552168552958        1.3778510762303707E-049
   15264.179671752318        1.3081746919071916E-049
   18420.699693267146        1.2350154121461113E-049
   22229.964825261930        1.1604953126997607E-049
   26826.957952797246        1.0876365840727376E-049
   32374.575428176431        1.0110006579119296E-049
   39069.399370546133        9.3743154308063609E-050
   47148.663634573895        8.6694521160717402E-050
   56898.660290182932        7.9864629582933334E-050
   68664.884500429980        7.3234657941280521E-050
   82864.277285468430        6.7033085241673805E-050
   99999.999999999884        6.1260686577959981E-050
