   0.00000000       100.00000000000000     
   10.000000000000000        1.9956366177059885E-048
   12.067926406393285        1.7672000369671378E-048
   14.563484775012439        1.5686427055006633E-048
   17.575106248547918        1.3956446096697030E-048
   21.209508879201909        1.2445872190206688E-048
   25.595479226995359        1.1124291121307068E-048
   30.888435964774811        9.9660578268598724E-049
   37.275937203149397        8.9494862302367638E-049
   44.984326689694456        8.0561920659648042E-049
   54.286754393238596        7.2705585489098832E-049
   65.512855685955074        6.5793014482210781E-049
   79.060432109076984        5.9711153963663258E-049
   95.409547634999399        5.4363874857325947E-049
   115.13953993264468        4.9669676894653367E-049
   138.94954943731375        4.5559886572616456E-049
   167.68329368110074        4.1977302363699774E-049
   202.35896477251566        3.8711715379251363E-049
   244.20530945486513        3.5874310379988524E-049
   294.70517025518097        3.3435320706606461E-049
   355.64803062231283        3.1267035592521039E-049
   429.19342601287758        2.9339388038575760E-049
   517.94746792312094        2.7733886796866849E-049
   625.05519252739691        2.6218343164081813E-049
   754.31200633546155        2.4998229662037476E-049
   910.29817799152170        2.3829716157809265E-049
   1098.5411419875584        2.2873197200568701E-049
   1325.7113655901082        2.2009380205285230E-049
   1599.8587196060571        2.1228029156502963E-049
   1930.6977288832495        2.0572992175042891E-049
   2329.9518105153716        1.9964421587330969E-049
   2811.7686979742280        1.9379627389926253E-049
   3393.2217718953261        1.8862772409113530E-049
   4094.9150623804235        1.8395176965835981E-049
   4941.7133613238329        1.7900187717883487E-049
   5963.6233165946433        1.7403880569691807E-049
   7196.8567300115137        1.6925829407768131E-049
   8685.1137375135204        1.6457738961313807E-049
   10481.131341546852        1.5899566223129345E-049
   12648.552168552958        1.5345604069271572E-049
   15264.179671752318        1.4793088189096044E-049
   18420.699693267146        1.4143798229929776E-049
   22229.964825261930        1.3515677177317594E-049
   26826.957952797246        1.2825557864965979E-049
   32374.575428176431        1.2148901850180027E-049
   39069.399370546133        1.1423157998153591E-049
   47148.663634573895        1.0728875551518826E-049
   56898.660290182932        1.0011844444037607E-049
   68664.884500429980        9.3117162146483738E-050
   82864.277285468430        8.6460887618073851E-050
   99999.999999999884        8.0007254553656391E-050
