   0.00000000       4999.9999999999991     
   10.000000000000000        3.5272282334220844E-046
   12.067926406393285        3.0816292335623235E-046
   14.563484775012439        2.6990191153109792E-046
   17.575106248547918        2.3634798663313815E-046
   21.209508879201909        2.0718388035498116E-046
   25.595479226995359        1.8203596319204343E-046
   30.888435964774811        1.6028512566484583E-046
   37.275937203149397        1.4115076062912902E-046
   44.984326689694456        1.2439407953292723E-046
   54.286754393238596        1.0984706275604749E-046
   65.512855685955074        9.7184654836236425E-047
   79.060432109076984        8.6135024422725654E-047
   95.409547634999399        7.6443009804643410E-047
   115.13953993264468        6.7823192703749784E-047
   138.94954943731375        6.0278744558253418E-047
   167.68329368110074        5.3661303977128353E-047
   202.35896477251566        4.7845332482645063E-047
   244.20530945486513        4.2724250765976287E-047
   294.70517025518097        3.8207286040618461E-047
   355.64803062231283        3.4216889055912744E-047
   429.19342601287758        3.0686609285144991E-047
   517.94746792312094        2.7559339992442713E-047
   625.05519252739691        2.4785862918175242E-047
   754.31200633546155        2.2323636397220081E-047
   910.29817799152170        2.0135781754466984E-047
   1098.5411419875584        1.8190231489388433E-047
   1325.7113655901082        1.6459009603901045E-047
   1599.8587196060571        1.4917619862128889E-047
   1930.6977288832495        1.3544522146632323E-047
   2329.9518105153716        1.2320680707562345E-047
   2811.7686979742280        1.1229171308576834E-047
   3393.2217718953261        1.0254837414058267E-047
   4094.9150623804235        9.3839890481091849E-048
   4941.7133613238329        8.6040336272003265E-048
   5963.6233165946433        7.8793777410204451E-048
   7196.8567300115137        7.2256776093042535E-048
   8685.1137375135204        6.6333685253142219E-048
   10481.131341546852        6.0936438917761884E-048
   12648.552168552958        5.5985049563049885E-048
   15264.179671752318        5.1362421639132367E-048
   18420.699693267146        4.6976523539282090E-048
   22229.964825261930        4.2896184263534237E-048
   26826.957952797246        3.9085922901604402E-048
   32374.575428176431        3.5521910608756739E-048
   39069.399370546133        3.2190413164168056E-048
   47148.663634573895        2.9085164571422527E-048
   56898.660290182932        2.6204188337900511E-048
   68664.884500429980        2.3546733163833117E-048
   82864.277285468430        2.1110881300646940E-048
   99999.999999999884        1.8892109379762699E-048
