   0.00000000       100.00000000000000     
   10.000000000000000        1.8860569062732423E-048
   12.067926406393285        1.6654094273590404E-048
   14.563484775012439        1.4734876085699299E-048
   17.575106248547918        1.3038838209920501E-048
   21.209508879201909        1.1550496094229558E-048
   25.595479226995359        1.0251579578638135E-048
   30.888435964774811        9.1153032163263113E-049
   37.275937203149397        8.1191083205174532E-049
   44.984326689694456        7.2439305068383705E-049
   54.286754393238596        6.4736055280697675E-049
   65.512855685955074        5.7943853137745775E-049
   79.060432109076984        5.1945422288799018E-049
   95.409547634999399        4.6640442643930260E-049
   115.13953993264468        4.1934893503307453E-049
   138.94954943731375        3.7768555852006772E-049
   167.68329368110074        3.4082769329905931E-049
   202.35896477251566        3.0804627233729885E-049
   244.20530945486513        2.7892048238145767E-049
   294.70517025518097        2.5305430717955336E-049
   355.64803062231283        2.3009115909410386E-049
   429.19342601287758        2.0972226644927722E-049
   517.94746792312094        1.9168061858947675E-049
   625.05519252739691        1.7573600225663962E-049
   754.31200633546155        1.6169100086267446E-049
   910.29817799152170        1.4918128400547317E-049
   1098.5411419875584        1.3778392764773535E-049
   1325.7113655901082        1.2782751820054685E-049
   1599.8587196060571        1.1920662262659670E-049
   1930.6977288832495        1.1124795378139379E-049
   2329.9518105153716        1.0424000297371030E-049
   2811.7686979742280        9.8204811392844332E-050
   3393.2217718953261        9.2447769060791789E-050
   4094.9150623804235        8.7618326298529602E-050
   4941.7133613238329        8.2894729792388807E-050
   5963.6233165946433        7.8884457187799031E-050
   7196.8567300115137        7.4867351382135939E-050
   8685.1137375135204        7.1415411078080579E-050
   10481.131341546852        6.7796072904755611E-050
   12648.552168552958        6.4618340898397299E-050
   15264.179671752318        6.1238536176446114E-050
   18420.699693267146        5.8188634087564978E-050
   22229.964825261930        5.4908461282876731E-050
   26826.957952797246        5.1882441063354164E-050
   32374.575428176431        4.8709606269679051E-050
   39069.399370546133        4.5659521139051528E-050
   47148.663634573895        4.2720140437890209E-050
   56898.660290182932        3.9709334795897607E-050
   68664.884500429980        3.6865919153830746E-050
   82864.277285468430        3.4178455658798576E-050
   99999.999999999884        3.1539720210601063E-050
