   0.00000000       100.00000000000000     
   10.000000000000000        1.5886193494990927E-047
   12.067926406393285        1.3839515654656900E-047
   14.563484775012439        1.2088724184182136E-047
   17.575106248547918        1.0584411853374833E-047
   21.209508879201909        9.2539977214841891E-048
   25.595479226995359        8.1108489784262836E-048
   30.888435964774811        7.1254428442908522E-048
   37.275937203149397        6.2701231224068634E-048
   44.984326689694456        5.5135968257681388E-048
   54.286754393238596        4.8589228542479391E-048
   65.512855685955074        4.2907880272911496E-048
   79.060432109076984        3.7964396840089387E-048
   95.409547634999399        3.3644313464761218E-048
   115.13953993264468        2.9803030513304283E-048
   138.94954943731375        2.6450049443443109E-048
   167.68329368110074        2.3516559625140360E-048
   202.35896477251566        2.0944551188604611E-048
   244.20530945486513        1.8684951481267414E-048
   294.70517025518097        1.6696111168036138E-048
   355.64803062231283        1.4942569195001847E-048
   429.19342601287758        1.3394041098752448E-048
   517.94746792312094        1.2024586909130239E-048
   625.05519252739691        1.0811924002528095E-048
   754.31200633546155        9.7368573462281394E-049
   910.29817799152170        8.7828051113467821E-049
   1098.5411419875584        7.9354019703155240E-049
   1325.7113655901082        7.1821658176395178E-049
   1599.8587196060571        6.5122163683055797E-049
   1930.6977288832495        5.9160362547458678E-049
   2329.9518105153716        5.3852670138925569E-049
   2811.7686979742280        4.9125338313585764E-049
   3393.2217718953261        4.4912942188218917E-049
   4094.9150623804235        4.1157070294871896E-049
   4941.7133613238329        3.7805194783413493E-049
   5963.6233165946433        3.4689711937212569E-049
   7196.8567300115137        3.1887938510965729E-049
   8685.1137375135204        2.9365599544728235E-049
   10481.131341546852        2.7086940677271871E-049
   12648.552168552958        2.5006855074011281E-049
   15264.179671752318        2.3021213358849644E-049
   18420.699693267146        2.1203595600527830E-049
   22229.964825261930        1.9531963641315737E-049
   26826.957952797246        1.7987752232080434E-049
   32374.575428176431        1.6537091687366440E-049
   39069.399370546133        1.5153995678771784E-049
   47148.663634573895        1.3873089639803662E-049
   56898.660290182932        1.2686308968565863E-049
   68664.884500429980        1.1587140088455755E-049
   82864.277285468430        1.0570142359708777E-049
   99999.999999999884        9.6305497922530308E-050
