   0.00000000       100.00000000000000     
   10.000000000000000        1.6129247624437669E-047
   12.067926406393285        1.4068978741906900E-047
   14.563484775012439        1.2299155741070097E-047
   17.575106248547918        1.0779774380209986E-047
   21.209508879201909        9.4599775037698094E-048
   25.595479226995359        8.3025051493041895E-048
   30.888435964774811        7.3046757398604725E-048
   37.275937203149397        6.4418932419935614E-048
   44.984326689694456        5.6937787233566208E-048
   54.286754393238596        5.0330289577840122E-048
   65.512855685955074        4.4568697559950152E-048
   79.060432109076984        3.9556506729308961E-048
   95.409547634999399        3.5185784746493044E-048
   115.13953993264468        3.1365912194813928E-048
   138.94954943731375        2.8020518845873412E-048
   167.68329368110074        2.5085006320709533E-048
   202.35896477251566        2.2504535462219086E-048
   244.20530945486513        2.0232383493832680E-048
   294.70517025518097        1.8228596550883739E-048
   355.64803062231283        1.6458878986893668E-048
   429.19342601287758        1.4893673160477119E-048
   517.94746792312094        1.3507393085294398E-048
   625.05519252739691        1.2277783134872681E-048
   754.31200633546155        1.1185379497813938E-048
   910.29817799152170        1.0213057807498223E-048
   1098.5411419875584        9.3456556884113107E-049
   1325.7113655901082        8.5696640502553799E-049
   1599.8587196060571        7.8683444489334223E-049
   1930.6977288832495        7.2169830735541752E-049
   2329.9518105153716        6.6264449925634805E-049
   2811.7686979742280        6.0884161514659035E-049
   3393.2217718953261        5.5956697513165848E-049
   4094.9150623804235        5.1420817870871481E-049
   4941.7133613238329        4.7125920742007345E-049
   5963.6233165946433        4.3116758739771914E-049
   7196.8567300115137        3.9407079951557555E-049
   8685.1137375135204        3.5972774325773336E-049
   10481.131341546852        3.2795358413538145E-049
   12648.552168552958        2.9860119428380748E-049
   15264.179671752318        2.7154470469043409E-049
   18420.699693267146        2.4666701634309820E-049
   22229.964825261930        2.2385188243815244E-049
   26826.957952797246        2.0290873744401900E-049
   32374.575428176431        1.8369258938178290E-049
   39069.399370546133        1.6621723328953592E-049
   47148.663634573895        1.5034645955483589E-049
   56898.660290182932        1.3594850014844555E-049
   68664.884500429980        1.2289751996196493E-049
   82864.277285468430        1.1107473670585560E-049
   99999.999999999884        1.0036913588655540E-049
