   0.00000000       100.00000000000000     
   10.000000000000000        1.5241826632073876E-047
   12.067926406393285        1.3285946470324471E-047
   14.563484775012439        1.1589958384690635E-047
   17.575106248547918        1.0111850580730779E-047
   21.209508879201909        8.8449243868829886E-048
   25.595479226995359        7.7553725484153536E-048
   30.888435964774811        6.7900942348089995E-048
   37.275937203149397        5.9588318138476886E-048
   44.984326689694456        5.2410602171841739E-048
   54.286754393238596        4.6194646814244952E-048
   65.512855685955074        4.0686970206121258E-048
   79.060432109076984        3.5895250418817533E-048
   95.409547634999399        3.1730993076203017E-048
   115.13953993264468        2.8102742413845123E-048
   138.94954943731375        2.4933867009306639E-048
   167.68329368110074        2.2150094986670204E-048
   202.35896477251566        1.9677653544656983E-048
   244.20530945486513        1.7512218220806419E-048
   294.70517025518097        1.5611750898944731E-048
   355.64803062231283        1.3940620179479800E-048
   429.19342601287758        1.2468525811971820E-048
   517.94746792312094        1.1169618936675314E-048
   625.05519252739691        1.0021779454440119E-048
   754.31200633546155        9.0060199637425142E-049
   910.29817799152170        8.1059920058557844E-049
   1098.5411419875584        7.3075752911999412E-049
   1325.7113655901082        6.5985344582516383E-049
   1599.8587196060571        5.9682309991061047E-049
   1930.6977288832495        5.4073804600694213E-049
   2329.9518105153716        4.9078470596274144E-049
   2811.7686979742280        4.4624695708166795E-049
   3393.2217718953261        4.0649137971102981E-049
   4094.9150623804235        3.7095482903369654E-049
   4941.7133613238329        3.3913411339332423E-049
   5963.6233165946433        3.1002242237519768E-049
   7196.8567300115137        2.8353321371811680E-049
   8685.1137375135204        2.5960135937023892E-049
   10481.131341546852        2.3790760852564237E-049
   12648.552168552958        2.1816899405808736E-049
   15264.179671752318        2.0013798302296955E-049
   18420.699693267146        1.8341905970622572E-049
   22229.964825261930        1.6771372420830822E-049
   26826.957952797246        1.5327311281695608E-049
   32374.575428176431        1.3997280729674839E-049
   39069.399370546133        1.2771093609492024E-049
   47148.663634573895        1.1640370489822570E-049
   56898.660290182932        1.0598094863719314E-049
   68664.884500429980        9.6382154778352165E-050
   82864.277285468430        8.7553260394982334E-050
   99999.999999999884        7.9426512181490102E-050
