   0.00000000       100.00000000000000     
   10.000000000000000        1.5451063012433022E-047
   12.067926406393285        1.3476258920802313E-047
   14.563484775012439        1.1785116583994589E-047
   17.575106248547918        1.0294479427023201E-047
   21.209508879201909        9.0133404873058328E-048
   25.595479226995359        7.9114227151289458E-048
   30.888435964774811        6.9569590418843931E-048
   37.275937203149397        6.1148878025071608E-048
   44.984326689694456        5.3877126780957436E-048
   54.286754393238596        4.7579385024956181E-048
   65.512855685955074        4.2110331473433663E-048
   79.060432109076984        3.7340925202533437E-048
   95.409547634999399        3.3114673690107159E-048
   115.13953993264468        2.9432875131098286E-048
   138.94954943731375        2.6217846210666814E-048
   167.68329368110074        2.3404193268770511E-048
   202.35896477251566        2.0936653533909858E-048
   244.20530945486513        1.8768344184073365E-048
   294.70517025518097        1.6859335640214899E-048
   355.64803062231283        1.5175483878486216E-048
   429.19342601287758        1.3687470883881920E-048
   517.94746792312094        1.2370013583358198E-048
   625.05519252739691        1.1201210560896951E-048
   754.31200633546155        1.0162003183842314E-048
   910.29817799152170        9.2357337666516070E-049
   1098.5411419875584        8.4077883205145494E-049
   1325.7113655901082        7.6653150794132255E-049
   1599.8587196060571        6.9970119576300313E-049
   1930.6977288832495        6.3891949465607919E-049
   2329.9518105153716        5.8281573635756889E-049
   2811.7686979742280        5.3172861881759054E-049
   3393.2217718953261        4.8504914042613893E-049
   4094.9150623804235        4.4227247167369203E-049
   4941.7133613238329        4.0298836333987198E-049
   5963.6233165946433        3.6686830024300333E-049
   7196.8567300115137        3.3364987009124921E-049
   8685.1137375135204        3.0311992729681665E-049
   10481.131341546852        2.7509863363346521E-049
   12648.552168552958        2.4942619343046522E-049
   15264.179671752318        2.2576229875125741E-049
   18420.699693267146        2.0420915194029312E-049
   22229.964825261930        1.8461370051509881E-049
   26826.957952797246        1.6682375530261877E-049
   32374.575428176431        1.5069251322678916E-049
   39069.399370546133        1.3607955408692078E-049
   47148.663634573895        1.2285185745520076E-049
   56898.660290182932        1.1088460670349271E-049
   68664.884500429980        1.0006168932950493E-049
   82864.277285468430        9.0275891149896494E-050
   99999.999999999884        8.1428827460441585E-050
