   0.00000000       4999.9999999999991     
   10.000000000000000        3.5289778655547494E-046
   12.067926406393285        3.0831589187782191E-046
   14.563484775012439        2.7003629723165787E-046
   17.575106248547918        2.3648396491638589E-046
   21.209508879201909        2.0730400691036725E-046
   25.595479226995359        1.8214258906608067E-046
   30.888435964774811        1.6038020580696700E-046
   37.275937203149397        1.4124898271140715E-046
   44.984326689694456        1.2448219876160152E-046
   54.286754393238596        1.0992648112818080E-046
   65.512855685955074        9.7256553980558929E-047
   79.060432109076984        8.6200404974724497E-047
   95.409547634999399        7.6512525062126020E-047
   115.13953993264468        6.7886852741278847E-047
   138.94954943731375        6.0337309677800597E-047
   167.68329368110074        5.3715428834297491E-047
   202.35896477251566        4.7895584246516272E-047
   244.20530945486513        4.2771124131165607E-047
   294.70517025518097        3.8251215729421914E-047
   355.64803062231283        3.4258260319740423E-047
   429.19342601287758        3.0725766812948922E-047
   517.94746792312094        2.7596595556365506E-047
   625.05519252739691        2.4821502024384940E-047
   754.31200633546155        2.2357924161151690E-047
   910.29817799152170        2.0168968177382535E-047
   1098.5411419875584        1.8222556275435711E-047
   1325.7113655901082        1.6490706616993983E-047
   1599.8587196060571        1.4948921275644847E-047
   1930.6977288832495        1.3575662275809770E-047
   2329.9518105153716        1.2351899426800872E-047
   2811.7686979742280        1.1260716829557215E-047
   3393.2217718953261        1.0286968024535255E-047
   4094.9150623804235        9.4169731789745176E-048
   4941.7133613238329        8.6326660302009431E-048
   5963.6233165946433        7.9090636302266241E-048
   7196.8567300115137        7.2566281688505875E-048
   8685.1137375135204        6.6657733988467060E-048
   10481.131341546852        6.1276532986810906E-048
   12648.552168552958        5.6342078931566838E-048
   15264.179671752318        5.1676941512584820E-048
   18420.699693267146        4.7303711933395953E-048
   22229.964825261930        4.3234429692267306E-048
   26826.957952797246        3.9432734082491798E-048
   32374.575428176431        3.5874063280201645E-048
   39069.399370546133        3.2544212987179641E-048
   47148.663634573895        2.9436780021866082E-048
   56898.660290182932        2.6549987900447904E-048
   68664.884500429980        2.3883564393697015E-048
   82864.277285468430        2.1436251914743799E-048
   99999.999999999884        1.9204260458907204E-048
