   0.00000000       100.00000000000000     
   10.000000000000000        1.6124719949031399E-047
   12.067926406393285        1.4064478621217675E-047
   14.563484775012439        1.2295222806005123E-047
   17.575106248547918        1.0776319886179296E-047
   21.209508879201909        9.4564859829237541E-048
   25.595479226995359        8.2994189659880538E-048
   30.888435964774811        7.3019338324073123E-048
   37.275937203149397        6.4394447887367968E-048
   44.984326689694456        5.6915812090898255E-048
   54.286754393238596        5.0307489938856754E-048
   65.512855685955074        4.4548067299897542E-048
   79.060432109076984        3.9537736380720519E-048
   95.409547634999399        3.5168610812386963E-048
   115.13953993264468        3.1350108837758676E-048
   138.94954943731375        2.8005891116183787E-048
   167.68329368110074        2.5071384610100031E-048
   202.35896477251566        2.2491770934899776E-048
   244.20530945486513        2.0220344305864835E-048
   294.70517025518097        1.8217164714604340E-048
   355.64803062231283        1.6447947776194381E-048
   429.19342601287758        1.4883144988020455E-048
   517.94746792312094        1.3497177816264907E-048
   625.05519252739691        1.2267796835663764E-048
   754.31200633546155        1.1175543652230925E-048
   910.29817799152170        1.0203299065490861E-048
   1098.5411419875584        9.3359062365645521E-049
   1325.7113655901082        8.5598626968612691E-049
   1599.8587196060571        7.8599653833376556E-049
   1930.6977288832495        7.2085280341048987E-049
   2329.9518105153716        6.6178934022641453E-049
   2811.7686979742280        6.0797613409020607E-049
   3393.2217718953261        5.5869207402858098E-049
   4094.9150623804235        5.1332639425715676E-049
   4941.7133613238329        4.7051647322416729E-049
   5963.6233165946433        4.3043040534736211E-049
   7196.8567300115137        3.9334404925731931E-049
   8685.1137375135204        3.5901648255898737E-049
   10481.131341546852        3.2726262598836821E-049
   12648.552168552958        2.9793475672296797E-049
   15264.179671752318        2.7090617606249908E-049
   18420.699693267146        2.4605884729676814E-049
   22229.964825261930        2.2327558928494453E-049
   26826.957952797246        2.0243636590158694E-049
   32374.575428176431        1.8326721839194698E-049
   39069.399370546133        1.6581928327321021E-049
   47148.663634573895        1.4997488766993007E-049
   56898.660290182932        1.3560204047175651E-049
   68664.884500429980        1.2257477387377711E-049
   82864.277285468430        1.1077424388225932E-049
   99999.999999999884        1.0008942754800911E-049
