   0.00000000       100.00000000000000     
   10.000000000000000        1.9988995104457206E-048
   12.067926406393285        1.7701430362303390E-048
   14.563484775012439        1.5713117420282250E-048
   17.575106248547918        1.3980788257429707E-048
   21.209508879201909        1.2468202365306209E-048
   25.595479226995359        1.1144900756124812E-048
   30.888435964774811        9.9852022895939283E-049
   37.275937203149397        8.9673921949458475E-049
   44.984326689694456        8.0730639364815023E-049
   54.286754393238596        7.2865842378471882E-049
   65.512855685955074        6.5946578103551735E-049
   79.060432109076984        5.9859736279609717E-049
   95.409547634999399        5.4509188469883804E-049
   115.13953993264468        4.9813499989736736E-049
   138.94954943731375        4.5704141670571656E-049
   167.68329368110074        4.2103070867919117E-049
   202.35896477251566        3.8839338504356582E-049
   244.20530945486513        3.6007652316901491E-049
   294.70517025518097        3.3577333196362329E-049
   355.64803062231283        3.1396157228374028E-049
   429.19342601287758        2.9481379547624577E-049
   517.94746792312094        2.7867575815763187E-049
   625.05519252739691        2.6370618604203665E-049
   754.31200633546155        2.5146471419257832E-049
   910.29817799152170        2.4005002426207185E-049
   1098.5411419875584        2.3049174185746791E-049
   1325.7113655901082        2.2225544591965134E-049
   1599.8587196060571        2.1450890106140007E-049
   1930.6977288832495        2.0806151183564571E-049
   2329.9518105153716        2.0261801996927047E-049
   2811.7686979742280        1.9697431521723574E-049
   3393.2217718953261        1.9203539949549734E-049
   4094.9150623804235        1.8762667557631162E-049
   4941.7133613238329        1.8359418239998005E-049
   5963.6233165946433        1.7923092965999065E-049
   7196.8567300115137        1.7483442899375935E-049
   8685.1137375135204        1.7054128737830104E-049
   10481.131341546852        1.6627901187255690E-049
   12648.552168552958        1.6147366741024237E-049
   15264.179671752318        1.5626226861133475E-049
   18420.699693267146        1.5103674034324280E-049
   22229.964825261930        1.4532158321311866E-049
   26826.957952797246        1.3912033323746264E-049
   32374.575428176431        1.3301137377370501E-049
   39069.399370546133        1.2609344137254887E-049
   47148.663634573895        1.1948010682637412E-049
   56898.660290182932        1.1234181601739073E-049
   68664.884500429980        1.0540790433649254E-049
   82864.277285468430        9.8595391659034028E-050
   99999.999999999884        9.1663584808620977E-050
