   0.00000000       100.00000000000000     
   10.000000000000000        1.9242523797532789E-048
   12.067926406393285        1.6993515772885383E-048
   14.563484775012439        1.5037565511072260E-048
   17.575106248547918        1.3332069899075067E-048
   21.209508879201909        1.1832487820745253E-048
   25.595479226995359        1.0505179873212053E-048
   30.888435964774811        9.3441593158234639E-049
   37.275937203149397        8.3263436915278097E-049
   44.984326689694456        7.4322344457420569E-049
   54.286754393238596        6.6453066595039259E-049
   65.512855685955074        5.9515122356294936E-049
   79.060432109076984        5.3388738880959372E-049
   95.409547634999399        4.7971521424741864E-049
   115.13953993264468        4.3175713155104840E-049
   138.94954943731375        3.8925933703405747E-049
   167.68329368110074        3.5157308387877271E-049
   202.35896477251566        3.1813918143484429E-049
   244.20530945486513        2.8847514645543647E-049
   294.70517025518097        2.6216456801279438E-049
   355.64803062231283        2.3884834431095849E-049
   429.19342601287758        2.1821753185907659E-049
   517.94746792312094        2.0000762099276624E-049
   625.05519252739691        1.8374909832352309E-049
   754.31200633546155        1.6905516396238742E-049
   910.29817799152170        1.5617584051783714E-049
   1098.5411419875584        1.4497621021212402E-049
   1325.7113655901082        1.3504268608553919E-049
   1599.8587196060571        1.2601902197349860E-049
   1930.6977288832495        1.1837500712661847E-049
   2329.9518105153716        1.1143404735613138E-049
   2811.7686979742280        1.0540369313337870E-049
   3393.2217718953261        1.0009716372174668E-049
   4094.9150623804235        9.5424509464154136E-050
   4941.7133613238329        9.1226720321925999E-050
   5963.6233165946433        8.7723509236631757E-050
   7196.8567300115137        8.4246145692764160E-050
   8685.1137375135204        8.1317447630294511E-050
   10481.131341546852        7.8686269106876464E-050
   12648.552168552958        7.6012575047237475E-050
   15264.179671752318        7.3630618411521224E-050
   18420.699693267146        7.1453498767556057E-050
   22229.964825261930        6.9000348329012767E-050
   26826.957952797246        6.6692673369083367E-050
   32374.575428176431        6.4491250292668290E-050
   39069.399370546133        6.1932145959358568E-050
   47148.663634573895        5.9464187176926294E-050
   56898.660290182932        5.6892961731778284E-050
   68664.884500429980        5.4167848497121799E-050
   82864.277285468430        5.1460433437050604E-050
   99999.999999999884        4.8594050706519386E-050
