   0.00000000       100.00000000000000     
   10.000000000000000        1.9926981976015599E-048
   12.067926406393285        1.7645530128726893E-048
   14.563484775012439        1.5662457429203102E-048
   17.575106248547918        1.3934625610648059E-048
   21.209508879201909        1.2425899752566041E-048
   25.595479226995359        1.1105906608965601E-048
   30.888435964774811        9.9490342730373430E-049
   37.275937203149397        8.9336232410589725E-049
   44.984326689694456        8.0413101528698684E-049
   54.286754393238596        7.2564941064896776E-049
   65.512855685955074        6.5659021268080793E-049
   79.060432109076984        5.9582356180785937E-049
   95.409547634999399        5.4238838263102016E-049
   115.13953993264468        4.9546937887401282E-049
   138.94954943731375        4.5437892131150643E-049
   167.68329368110074        4.1854334550169357E-049
   202.35896477251566        3.8605918214521941E-049
   244.20530945486513        3.5765049023453525E-049
   294.70517025518097        3.3320375853917705E-049
   355.64803062231283        3.1163756897812241E-049
   429.19342601287758        2.9227339688110752E-049
   517.94746792312094        2.7619364171820552E-049
   625.05519252739691        2.6101348675782463E-049
   754.31200633546155        2.4873964508676598E-049
   910.29817799152170        2.3698651421472203E-049
   1098.5411419875584        2.2743234027619532E-049
   1325.7113655901082        2.1852042776159381E-049
   1599.8587196060571        2.1067729214807637E-049
   1930.6977288832495        2.0407175554718411E-049
   2329.9518105153716        1.9755024870078492E-049
   2811.7686979742280        1.9159356678522741E-049
   3393.2217718953261        1.8629070561682178E-049
   4094.9150623804235        1.8123182248340007E-049
   4941.7133613238329        1.7578086954083212E-049
   5963.6233165946433        1.7061013055151203E-049
   7196.8567300115137        1.6561401096827413E-049
   8685.1137375135204        1.5993711494889961E-049
   10481.131341546852        1.5413353716179301E-049
   12648.552168552958        1.4842808914109889E-049
   15264.179671752318        1.4174000409977238E-049
   18420.699693267146        1.3524011066741676E-049
   22229.964825261930        1.2812010234368092E-049
   26826.957952797246        1.2114240469620108E-049
   32374.575428176431        1.1360291439636258E-049
   39069.399370546133        1.0632683617751327E-049
   47148.663634573895        9.9012760398447105E-050
   56898.660290182932        9.1691729006559962E-050
   68664.884500429980        8.4712217176509486E-050
   82864.277285468430        7.8084168973275557E-050
   99999.999999999884        7.1765948045984392E-050
