   0.00000000       100.00000000000000     
   10.000000000000000        1.5571795774597761E-047
   12.067926406393285        1.3582454409693642E-047
   14.563484775012439        1.1879016658255988E-047
   17.575106248547918        1.0389589564142105E-047
   21.209508879201909        9.0978932605294679E-048
   25.595479226995359        7.9869610958912658E-048
   30.888435964774811        7.0284892947102940E-048
   37.275937203149397        6.1848641611304005E-048
   44.984326689694456        5.4508741379713033E-048
   54.286754393238596        4.8152111705328611E-048
   65.512855685955074        4.2631996029696972E-048
   79.060432109076984        3.7826010990623806E-048
   95.409547634999399        3.3620868749102002E-048
   115.13953993264468        2.9899270237827578E-048
   138.94954943731375        2.6649645143329316E-048
   167.68329368110074        2.3805929575496248E-048
   202.35896477251566        2.1312310342942254E-048
   244.20530945486513        1.9121452343601634E-048
   294.70517025518097        1.7193054067951203E-048
   355.64803062231283        1.5492664976933262E-048
   429.19342601287758        1.3990712976136175E-048
   517.94746792312094        1.2661701535628713E-048
   625.05519252739691        1.1483545073772715E-048
   754.31200633546155        1.0437018627255196E-048
   910.29817799152170        9.5053040423891797E-049
   1098.5411419875584        8.6736201640366641E-049
   1325.7113655901082        7.9157283663095244E-049
   1599.8587196060571        7.2297457813690953E-049
   1930.6977288832495        6.6103593641786570E-049
   2329.9518105153716        6.0489492333825619E-049
   2811.7686979742280        5.5380475451111783E-049
   3393.2217718953261        5.0712897858419284E-049
   4094.9150623804235        4.6433652424865933E-049
   4941.7133613238329        4.2417413455620178E-049
   5963.6233165946433        3.8706845991220090E-049
   7196.8567300115137        3.5298345425411876E-049
   8685.1137375135204        3.2168129866946782E-049
   10481.131341546852        2.9296294124341498E-049
   12648.552168552958        2.6665510539022042E-049
   15264.179671752318        2.4260021537892513E-049
   18420.699693267146        2.2064964307911880E-049
   22229.964825261930        2.0065998425955221E-049
   26826.957952797246        1.8249165827650110E-049
   32374.575428176431        1.6574513131102744E-049
   39069.399370546133        1.5058251140274777E-049
   47148.663634573895        1.3687572395052719E-049
   56898.660290182932        1.2450060739005401E-049
   68664.884500429980        1.1334190486864933E-049
   82864.277285468430        1.0329351676719903E-049
   99999.999999999884        9.4258549091023379E-050
