   0.00000000       100.00000000000000     
   10.000000000000000        1.5366484080313958E-047
   12.067926406393285        1.3395422633953878E-047
   14.563484775012439        1.1700472904474450E-047
   17.575106248547918        1.0209380056710192E-047
   21.209508879201909        8.9313970924293000E-048
   25.595479226995359        7.8323818724936473E-048
   30.888435964774811        6.8690384159942666E-048
   37.275937203149397        6.0294394900117688E-048
   44.984326689694456        5.3044639951448698E-048
   54.286754393238596        4.6766143993081225E-048
   65.512855685955074        4.1283717814576177E-048
   79.060432109076984        3.6435299928536072E-048
   95.409547634999399        3.2221427582027196E-048
   115.13953993264468        2.8549595822375779E-048
   138.94954943731375        2.5342306852415385E-048
   167.68329368110074        2.2534394373182682E-048
   202.35896477251566        2.0070866394040695E-048
   244.20530945486513        1.7882041209707595E-048
   294.70517025518097        1.5953556039667046E-048
   355.64803062231283        1.4257573019224912E-048
   429.19342601287758        1.2763427790893597E-048
   517.94746792312094        1.1444968035018188E-048
   625.05519252739691        1.0279821147496237E-048
   754.31200633546155        9.2487903162751330E-049
   910.29817799152170        8.3353543578651656E-049
   1098.5411419875584        7.5252516767276605E-049
   1325.7113655901082        6.8061326258279828E-049
   1599.8587196060571        6.1672676569657216E-049
   1930.6977288832495        5.5993011306834294E-049
   2329.9518105153716        5.0940426806886907E-049
   2811.7686979742280        4.6442897197765234E-049
   3393.2217718953261        4.2363005843909467E-049
   4094.9150623804235        3.8693910600500882E-049
   4941.7133613238329        3.5410481852960049E-049
   5963.6233165946433        3.2468009975203831E-049
   7196.8567300115137        2.9826202186238484E-049
   8685.1137375135204        2.7448696957589434E-049
   10481.131341546852        2.5241925742843364E-049
   12648.552168552958        2.3206755002000684E-049
   15264.179671752318        2.1356734332323985E-049
   18420.699693267146        1.9669524847283611E-049
   22229.964825261930        1.8126013799177029E-049
   26826.957952797246        1.6664360374749885E-049
   32374.575428176431        1.5304963457392542E-049
   39069.399370546133        1.4058027812354825E-049
   47148.663634573895        1.2914203916924906E-049
   56898.660290182932        1.1865750785198237E-049
   68664.884500429980        1.0895109969655593E-049
   82864.277285468430        9.9834975735200932E-050
   99999.999999999884        9.1542869302000057E-050
