   0.00000000       100.00000000000000     
   10.000000000000000        1.9944521927449651E-048
   12.067926406393285        1.7661329417672755E-048
   14.563484775012439        1.5676762939464314E-048
   17.575106248547918        1.3947647276291217E-048
   21.209508879201909        1.2437817415926690E-048
   25.595479226995359        1.1116875642469647E-048
   30.888435964774811        9.9591902433353747E-049
   37.275937203149397        8.9430858385437500E-049
   44.984326689694456        8.0501865743266665E-049
   54.286754393238596        7.2648820512128144E-049
   65.512855685955074        6.5738925559949709E-049
   79.060432109076984        5.9659154269539737E-049
   95.409547634999399        5.4313385940893113E-049
   115.13953993264468        4.9620108065870581E-049
   138.94954943731375        4.5510610539452979E-049
   167.68329368110074        4.1927624565304330E-049
   202.35896477251566        3.8668977734824219E-049
   244.20530945486513        3.5830165350692514E-049
   294.70517025518097        3.3388868853467656E-049
   355.64803062231283        3.1225300050278975E-049
   429.19342601287758        2.9294094582228626E-049
   517.94746792312094        2.7691768273028873E-049
   625.05519252739691        2.6171025199263347E-049
   754.31200633546155        2.4952734258551016E-049
   910.29817799152170        2.3776654943091580E-049
   1098.5411419875584        2.2820557291083925E-049
   1325.7113655901082        2.1945571762811134E-049
   1599.8587196060571        2.1162962663296621E-049
   1930.6977288832495        2.0505611266321488E-049
   2329.9518105153716        1.9879131115040998E-049
   2811.7686979742280        1.9289746200823586E-049
   3393.2217718953261        1.8767202290329516E-049
   4094.9150623804235        1.8292895074487763E-049
   4941.7133613238329        1.7767494111199185E-049
   5963.6233165946433        1.7262096420538919E-049
   7196.8567300115137        1.6774467650984715E-049
   8685.1137375135204        1.6264914808502775E-049
   10481.131341546852        1.5694894881182175E-049
   12648.552168552958        1.5132554645429366E-049
   15264.179671752318        1.4527918799615449E-049
   18420.699693267146        1.3876163151175959E-049
   22229.964825261930        1.3226740738485908E-049
   26826.957952797246        1.2511406691696166E-049
   32374.575428176431        1.1808445467892103E-049
   39069.399370546133        1.1080921065896082E-049
   47148.663634573895        1.0347937161642141E-049
   56898.660290182932        9.6437618333046797E-050
   68664.884500429980        8.9399647762949521E-050
   82864.277285468430        8.2533204667556524E-050
   99999.999999999884        7.6049329351460109E-050
