   0.00000000       100.00000000000000     
   10.000000000000000        1.9423361538310552E-048
   12.067926406393285        1.7192059281943785E-048
   14.563484775012439        1.5252003814255501E-048
   17.575106248547918        1.3561118385632881E-048
   21.209508879201909        1.2084133309990062E-048
   25.595479226995359        1.0791379739657922E-048
   30.888435964774811        9.6576516726716220E-049
   37.275937203149397        8.6554686274821700E-049
   44.984326689694456        7.7773758877632023E-049
   54.286754393238596        7.0071498202914616E-049
   65.512855685955074        6.3310372669833550E-049
   79.060432109076984        5.7373623024030006E-049
   95.409547634999399        5.2094810650913139E-049
   115.13953993264468        4.7441206195947015E-049
   138.94954943731375        4.3344395861800684E-049
   167.68329368110074        3.9744644607766357E-049
   202.35896477251566        3.6591203435427783E-049
   244.20530945486513        3.3841293299976913E-049
   294.70517025518097        3.1342545606412694E-049
   355.64803062231283        2.9134439171221438E-049
   429.19342601287758        2.7229523847553864E-049
   517.94746792312094        2.5498882545199029E-049
   625.05519252739691        2.3950942273617895E-049
   754.31200633546155        2.2613548492008171E-049
   910.29817799152170        2.1332376390680393E-049
   1098.5411419875584        2.0249105150045208E-049
   1325.7113655901082        1.9161407783283460E-049
   1599.8587196060571        1.8232470341372125E-049
   1930.6977288832495        1.7273781713623884E-049
   2329.9518105153716        1.6432850630939321E-049
   2811.7686979742280        1.5542393492652058E-049
   3393.2217718953261        1.4734204944465622E-049
   4094.9150623804235        1.3882095277029264E-049
   4941.7133613238329        1.3072934903064876E-049
   5963.6233165946433        1.2260432922479573E-049
   7196.8567300115137        1.1445937327859303E-049
   8685.1137375135204        1.0668034075059783E-049
   10481.131341546852        9.8971672685029091E-050
   12648.552168552958        9.1392205866625235E-050
   15264.179671752318        8.4221146944127271E-050
   18420.699693267146        7.7460075763129497E-050
   22229.964825261930        7.1113986826990442E-050
   26826.957952797246        6.5057649278055436E-050
   32374.575428176431        5.9398190442595992E-050
   39069.399370546133        5.4183051869468563E-050
   47148.663634573895        4.9392447249652070E-050
   56898.660290182932        4.5003375146767951E-050
   68664.884500429980        4.0990647983749933E-050
   82864.277285468430        3.7327949044536102E-050
   99999.999999999884        3.3988768036614300E-050
