   0.00000000       100.00000000000000        1000.0000000000000     
  0.10000000000000001        5.4130768371266641E-047   4.0774579729941166E-046
  0.14563484775012439        3.9386413813242508E-047   2.9788084461847939E-046
  0.21209508879201910        2.8998292974531792E-047   2.1807853086514184E-046
  0.30888435964774813        2.1251297588419282E-047   1.6023023268184248E-046
  0.44984326689694454        1.5729183115619475E-047   1.1829176701523057E-046
  0.65512855685955085        1.1645959969758547E-047   8.7365852796724632E-047
  0.95409547634999403        8.6621858156536564E-048   6.5270201001845501E-047
   1.3894954943731375        6.5077780875220295E-048   4.8436939771657640E-047
   2.0235896477251565        4.8632204154844320E-048   3.6406367961787870E-047
   2.9470517025518101        3.6785772738829703E-048   2.7432615782347171E-047
   4.2919342601287758        2.8014674410643390E-048   2.0703868705248979E-047
   6.2505519252739701        2.1287735963578341E-048   1.5796083127083681E-047
   9.1029817799152166        1.6348053200436176E-048   1.2117228182216959E-047
   13.257113655901083        1.2673750124820614E-048   9.2837662308722796E-048
   19.306977288832499        9.8795818180112239E-049   7.1813644518615699E-048
   28.117686979742281        7.7094108755590296E-049   5.6031501572887180E-048
   40.949150623804236        6.0725387391953612E-049   4.4061968392279299E-048
   59.636233165946436        4.8264330465003662E-049   3.4829627206135008E-048
   86.851137375135210        3.8704366378585148E-049   2.7613792086287637E-048
   126.48552168552959        3.1324847615860705E-049   2.2085052487855315E-048
   184.20699693267147        2.5603326942318258E-049   1.7817058569340913E-048
   268.26957952797250        2.1156582624296188E-049   1.4499087157366557E-048
   390.69399370546131        1.7700139014416382E-049   1.1900409510868015E-048
   568.98660290182931        1.5019585997411968E-049   9.8458511311784387E-049
   828.64277285468438        1.2767246967533640E-049   8.1750219864354384E-049
   1206.7926406393290        1.0940494394958460E-049   6.7766305276409964E-049
   1757.5106248547895        9.4762213205226799E-050   5.6147552569016498E-049
   2559.5479226995335        8.2255949925378554E-050   4.6332632092630444E-049
   3727.5937203149379        7.0414975452859183E-050   3.7967456604824081E-049
   5428.6754393238598        6.0123778584913889E-050   3.0861476147730239E-049
   7906.0432109076855        5.1015557091993257E-050   2.4905769404961714E-049
   11513.953993264458        4.2943278372978132E-050   1.9998337197920246E-049
   16768.329368110066        3.5648154985533586E-050   1.6013643374358272E-049
   24420.530945486498        2.9399903420400794E-050   1.2809547749051419E-049
   35564.803062231287        2.4182854474480081E-050   1.0245700898364236E-049
   51794.746792312020        1.9864647897585491E-050   8.1971756477885417E-050
   75431.200633546076        1.6310059013570188E-050   6.5524831130774662E-050
   109854.11419875573        1.3392845792045562E-050   5.2175137337139878E-050
   159985.87196060573        1.1002100171910296E-050   4.1554068778107901E-050
   232995.18105153670        9.0438192697753770E-051   3.3108259932927552E-050
   339322.17718953232        7.4398163003763691E-051   2.6397300682335250E-050
   494171.33613238280        6.1256476240003364E-051   2.1067768831203333E-050
   719685.67300115142        5.0484339842461681E-051   1.6835647733924692E-050
   1048113.1341546853        4.1648971904806919E-051   1.3473501462235467E-050
   1526417.9671752304        3.4396778573660198E-051   1.0800140447080367E-050
   2222996.4825261910        2.8439187027701854E-051   8.6718763865764239E-051
   3237457.5428176401        2.3393440196924046E-051   6.9751186974569475E-051
   4714866.3634573901        1.9248461991326135E-051   5.6202240171331803E-051
   6866488.4500429993        1.5850664435763364E-051   4.5364891558105105E-051
   9999999.9999999795        1.3063659986026166E-051   3.6681377108798914E-051
