   0.00000000       5.0000000000000009        7.4594777891030546        11.128761777224360        16.602950259484825        24.769867738841974        36.954055647382404        55.131591463785448        82.250576400402196        122.70926955994489        183.06941415989363        273.12044575796682        407.46717977629612        607.89847546594820        906.92103515356939        1353.0314636396799        2018.5816301955592        3011.5129671870409        4492.8628180655114        6702.8820801693328        10000.000000000000     
  0.10000000000000001        0.0000000000000000        0.0000000000000000        2.4461494792561729E-045   2.0103607830383922E-046   7.1942975200296346E-047   4.8565320384816955E-047   4.5909407973262905E-047   5.3072048267074475E-047   6.8215751688033472E-047   9.3531478164826442E-047   1.3286694206992656E-046   1.9307410078492765E-046   2.8376719378272336E-046   4.1732884060412631E-046   6.1707006475825616E-046   9.1548761061699378E-046   1.3613291490756169E-045   2.0274226010318123E-045   3.0229120941908474E-045   4.5108989808720068E-045
  0.14563484775012439        0.0000000000000000        0.0000000000000000        1.7680528449210855E-045   1.4639017985887730E-046   5.2779932639533642E-047   3.5714450697894325E-047   3.3733267616950989E-047   3.8742094689415225E-047   5.0031565984949687E-047   6.8771849355127839E-047   9.7992000123850855E-047   1.4151621112843262E-046   2.0721966955240474E-046   3.0585540023962954E-046   4.5361233248668675E-046   6.7476822618339577E-046   1.0057943998547383E-045   1.4961061410187022E-045   2.2247804793129461E-045   3.3114629179448721E-045
  0.21209508879201910        0.0000000000000000        0.0000000000000000        1.2815443664665167E-045   1.0643966808348649E-046   3.8443550259264715E-047   2.6132934857642339E-047   2.4780872309447098E-047   2.8703057273888748E-047   3.6896245972111334E-047   5.0696739387964382E-047   7.1938690482571965E-047   1.0446183223681621E-046   1.5357278872642286E-046   2.2637064694434231E-046   3.3453987031066966E-046   4.9609985331067186E-046   7.3740812892376264E-046   1.0978238565264421E-045   1.6363308526086344E-045   2.4410317740888768E-045
  0.30888435964774813        0.0000000000000000        0.0000000000000000        9.2882526015007414E-046   7.7893460751193885E-047   2.8409186561958162E-047   1.9320952030672565E-047   1.8382590176797203E-047   2.1117773657506454E-047   2.7328351521406622E-047   3.7476972223458885E-047   5.3563099004819634E-047   7.7325141254414226E-047   1.1311010775856516E-046   1.6681887431170952E-046   2.4724908257171489E-046   3.6758915676241240E-046   5.4765165885783214E-046   8.1707336330431741E-046   1.2167893792071579E-045   1.8100336068767676E-045
  0.44984326689694454        0.0000000000000000        0.0000000000000000        6.7762876142982725E-046   5.6973608880712935E-047   2.0809854011190770E-047   1.4273012770458605E-047   1.3575710930030349E-047   1.5724011837399529E-047   2.0258345819055078E-047   2.7958382133688590E-047   3.9575156038116708E-047   5.7373766944872508E-047   8.4248090740023111E-047   1.2462723963170292E-046   1.8455135332642307E-046   2.7341375158294676E-046   4.0605906319503949E-046   6.0405256984644542E-046   8.9970401149161738E-046   1.3412320757744657E-045
  0.65512855685955085        0.0000000000000000        0.0000000000000000        4.9328073603243775E-046   4.1998657190977900E-047   1.5462880147106112E-047   1.0604782319648358E-047   1.0161099941268695E-047   1.1718900795962664E-047   1.5213557745478181E-047   2.0773172030790011E-047   2.9608550792869523E-047   4.3073224710839082E-047   6.2886232845862833E-047   9.2609611128150438E-047   1.3709341810508253E-046   2.0360348313583554E-046   3.0305354325980093E-046   4.5175364368070781E-046   6.7417548114953972E-046   1.0069000911350815E-045
  0.95409547634999403        0.0000000000000000        0.0000000000000000        3.6198303063920563E-046   3.0883984545723779E-047   1.1441343964633539E-047   7.9409863263643087E-048   7.5769601220513719E-048   8.7676417985502610E-048   1.1337315894329597E-047   1.5633357234761019E-047   2.2218271849477320E-047   3.2119180746604411E-047   4.7066953583505625E-047   6.9514613582820714E-047   1.0315482893507168E-046   1.5352576827397923E-046   2.2835056765092097E-046   3.3923356981287742E-046   5.0463537054367587E-046   7.5138508861075578E-046
   1.3894954943731375        0.0000000000000000        0.0000000000000000        2.6521477344718701E-046   2.3003320382020112E-047   8.5405050513210436E-048   5.9278180496450968E-048   5.6971521607280570E-048   6.6386348453908441E-048   8.5532743350079064E-048   1.1772230965676914E-047   1.6702353010947846E-047   2.4251673193342052E-047   3.5651739380569140E-047   5.2614656546523043E-047   7.7729944957080998E-047   1.1523734388215533E-046   1.7125703268539728E-046   2.5492151703238574E-046   3.7992542285798505E-046   5.6670921072401264E-046
   2.0235896477251565        0.0000000000000000        0.0000000000000000        1.9564791343932414E-046   1.6997891051132752E-047   6.4148485618455992E-048   4.4792785809711961E-048   4.3327573837727592E-048   5.0044358931138384E-048   6.5081683107212404E-048   8.9014347181152203E-048   1.2702133758898148E-047   1.8445632156584896E-047   2.6939923131207634E-047   3.9685757439253141E-047   5.8765686560572335E-047   8.7299522873706974E-047   1.2997724232166984E-046   1.9380664822947490E-046   2.8930912646589601E-046   4.3200649232107071E-046
   2.9470517025518101        0.0000000000000000        0.0000000000000000        1.4467016854310221E-046   1.2726903718465471E-047   4.8093211887421640E-048   3.3942090934478953E-048   3.2742252220162804E-048   3.8068294064404474E-048   4.9341463416756714E-048   6.8053854236753591E-048   9.6860420436437313E-048   1.3996337139689564E-047   2.0503898130867696E-047   3.0276857442584822E-047   4.4922706471017275E-047   6.6851770079373523E-047   9.9595427018212352E-047   1.4791180967102600E-046   2.1997402381198089E-046   3.2745751322977060E-046
   4.2919342601287758        0.0000000000000000        0.0000000000000000        1.0723106086176566E-046   9.5351223095095221E-048   3.6478102993977599E-048   2.5762403082610761E-048   2.5015349682182915E-048   2.9261277396615785E-048   3.7820893370782157E-048   5.2283307660563024E-048   7.4037080130917731E-048   1.0736720580175055E-047   1.5769610004591601E-047   2.3333533350954360E-047   3.4544488636876626E-047   5.1167567740982029E-047   7.5983449083788887E-047   1.1302655152648565E-046   1.6834822644707130E-046   2.5097020848916090E-046
   6.2505519252739701        0.0000000000000000        0.0000000000000000        8.0321776491292607E-047   7.1680463185274450E-048   2.7791981943316458E-048   1.9761891939836063E-048   1.9303757306744840E-048   2.2575059712862111E-048   2.9275835534186451E-048   4.0191707971803028E-048   5.7177281327837485E-048   8.3169411194435582E-048   1.2214883198142809E-047   1.7959846153109674E-047   2.6553702658081104E-047   3.9394945775804964E-047   5.8586783387664721E-047   8.7267224319245390E-047   1.3014788923748403E-046   1.9426008933454696E-046
   9.1029817799152166        0.0000000000000000        0.0000000000000000        5.9794955436110736E-047   5.4490701809215347E-048   2.1170098324943816E-048   1.5302489432959044E-048   1.4975739565015785E-048   1.7453294864274743E-048   2.2784840759891804E-048   3.1208281088923543E-048   4.4569106335792022E-048   6.4734665576380664E-048   9.4527895140758658E-048   1.3924041247454447E-047   2.0618205864217578E-047   3.0630057035395327E-047   4.5607420996477756E-047   6.8010884260431124E-047   1.0153822919039540E-046   1.5162059579832202E-046
   13.257113655901083        0.0000000000000000        0.0000000000000000        4.5063828844454601E-047   4.1391343114150768E-048   1.6290855039113173E-048   1.1829161572108271E-048   1.1628004752129965E-048   1.3625179340199526E-048   1.7758846687108249E-048   2.4456463102125916E-048   3.5012839435308707E-048   5.0498784866818588E-048   7.3878550814182427E-048   1.0898454925852329E-047   1.6158014444433858E-047   2.4030151419164296E-047   3.5815727496452061E-047   5.3458450300231169E-047   7.9473588087128052E-047   1.1820080080996591E-046
   19.306977288832499        0.0000000000000000        0.0000000000000000        3.4094989774690484E-047   3.1585554448739469E-048   1.2650549338500610E-048   9.2143043487245625E-049   9.1153390668760272E-049   1.0732992370025777E-048   1.3975721124025692E-048   1.9330246823625960E-048   2.7522804479274753E-048   3.9775749578335837E-048   5.8275389634052124E-048   8.6065361241921232E-048   1.2772286719641064E-047   1.9010940271261527E-047   2.8314482134625066E-047   4.2041709020096715E-047   6.2516984491939426E-047   9.3055103444137889E-047
   28.117686979742281        0.0000000000000000        0.0000000000000000        2.5792287372631213E-047   2.4337464320891792E-048   9.8727575876683538E-049   7.2427632556754935E-049   7.2101796113614602E-049   8.5274154996811535E-049   1.1100590243787589E-048   1.5404103272311198E-048   2.1849424285183361E-048   3.1621745392907359E-048   4.6376510879885977E-048   6.8547935969419432E-048   1.0179645561966860E-047   1.5147764894901144E-047   2.2463325806655649E-047   3.3373754297224241E-047   4.9656126598464950E-047   7.3952694807148854E-047
   40.949150623804236        0.0000000000000000        0.0000000000000000        1.9716831541155606E-047   1.8914372069794897E-048   7.7135613446275479E-049   5.7417196739227489E-049   5.7529541979078952E-049   6.8320821821040315E-049   8.8978959379898269E-049   1.2374987186056533E-048   1.7516840805076072E-048   2.5372351867097945E-048   3.7232950795232323E-048   5.5058977164698040E-048   8.1797712009156715E-048   1.2136597746380641E-047   1.8003786277071987E-047   2.6756535916228865E-047   3.9822837312610099E-047   5.9325578197894088E-047
   59.636233165946436        0.0000000000000000        0.0000000000000000        1.5211666369048057E-047   1.4686354096428087E-048   6.0796888866285936E-049   4.5890916277457868E-049   4.6301247872222443E-049   5.5205365818938045E-049   7.1996885353188475E-049   1.0024331999377902E-048   1.4187570280950056E-048   2.0553620949565400E-048   3.0164869332237305E-048   4.4611271863738102E-048   6.6282428186604775E-048   9.8311690275288779E-048   1.4583598206562602E-047   2.1673488490449746E-047   3.2258093532882706E-047   4.8056907791362092E-047
   86.851137375135210        0.0000000000000000        0.0000000000000000        1.1674553367251425E-047   1.1467869436209371E-048   4.8310208228155658E-049   3.6973469391756088E-049   3.7598046853785365E-049   4.5009964503792462E-049   5.8848064895514429E-049   8.1927394364517415E-049   1.1619540531537193E-048   1.6823666869177228E-048   2.4679786519971682E-048   3.6487277704863880E-048   5.4197932296129324E-048   8.0597396143429598E-048   1.1950895212336468E-047   1.7754311908232186E-047   2.6416453615695881E-047   3.9342207491496709E-047
   126.48552168552959        0.0000000000000000        0.0000000000000000        9.0380938378969835E-048   9.0237402525294906E-049   3.8678907419641152E-049   3.0028029366403790E-049   3.0821637476175653E-049   3.7061100558080352E-049   4.8649937351618230E-049   6.7628785857752163E-049   9.6376730293422388E-049   1.3933756030633745E-048   2.0417824000075329E-048   3.0160827107980492E-048   4.4770058889655701E-048   6.6654062065103629E-048   9.9241713158652044E-048   1.4731398043655551E-047   2.1902700142426610E-047   3.2597092446290535E-047
   184.20699693267147        0.0000000000000000        0.0000000000000000        7.0514984712799225E-048   7.1481445017713663E-049   3.1183015857438584E-049   2.4584237598354191E-049   2.5529021787899639E-049   3.0859535691309285E-049   4.0755126520024836E-049   5.6477824011762206E-049   8.1138782668947788E-049   1.1702105674188701E-048   1.7114616990906304E-048   2.5243853798597625E-048   3.7425946280703773E-048   5.5661500536438387E-048   8.2974599886352644E-048   1.2387410123535555E-047   1.8429410700731320E-047   2.7395259578562767E-047
   268.26957952797250        0.0000000000000000        0.0000000000000000        5.5382397085157279E-048   5.6945054129318019E-049   2.5294931448856117E-049   2.0288912057580083E-049   2.1387036879019597E-049   2.6031396733419269E-049   3.4686949463538818E-049   4.7827293173531772E-049   6.8473876439105086E-049   9.9960953051529008E-049   1.4575954299849931E-048   2.1449764890618477E-048   3.1740716848681732E-048   4.7128516181095532E-048   7.0153746231824937E-048   1.0459655697115911E-047   1.5616045866678919E-047   2.3332375324471484E-047
   390.69399370546131        0.0000000000000000        0.0000000000000000        4.3742873596152104E-048   4.5573216251125084E-049   2.0623614648045131E-049   1.6872004481172673E-049   1.8139595665522549E-049   2.2292682443494127E-049   2.9612553762608112E-049   4.1194687219213110E-049   5.8680291923426688E-049   8.5364921795256077E-049   1.2562019510938543E-048   1.8567772211208434E-048   2.7399904533001810E-048   4.0585072922028127E-048   6.0286018399409736E-048   8.9710747300546057E-048   1.3370148867587966E-047   1.9943065369876176E-047
   568.98660290182931        0.0000000000000000        0.0000000000000000        3.4572451927979540E-048   3.6601439868421075E-049   1.6877963472015862E-049   1.4123489183444770E-049   1.5470416734225591E-049   1.9217710734660175E-049   2.5580446505155493E-049   3.5885827061590671E-049   5.1233986819223313E-049   7.4157394576582398E-049   1.0870506943465124E-048   1.6061891926578255E-048   2.3847431854915450E-048   3.5510968829748748E-048   5.2844382480741671E-048   7.8423123936648617E-048   1.1659002890665700E-047   1.7349273813044676E-047
   828.64277285468438        0.0000000000000000        0.0000000000000000        2.7366470532484304E-048   2.9473489376503288E-049   1.3842836551170567E-049   1.1878992808871247E-049   1.3175966178835326E-049   1.6597650376456630E-049   2.2482823592886425E-049   3.1304925018587627E-049   4.4976304222941292E-049   6.5743425514749601E-049   9.5867586666999444E-049   1.4107025588199889E-048   2.0873894166529117E-048   3.0990568045391637E-048   4.6132200156125042E-048   6.8783443487131663E-048   1.0270570036237422E-047   1.5346501545308277E-047
   1206.7926406393290        0.0000000000000000        0.0000000000000000        2.1762428118761008E-048   2.3782063528469763E-049   1.1362197575192810E-049   1.0008987577034092E-049   1.1288950067925227E-049   1.4500104841105619E-049   1.9689334675777939E-049   2.7778997975167439E-049   3.9629523688270820E-049   5.7624010951603692E-049   8.4707021574467930E-049   1.2542314928119964E-048   1.8616576966363806E-048   2.7531996293117690E-048   4.0845118851154188E-048   6.0710873124795668E-048   9.0396714033605590E-048   1.3470238602094520E-047
   1757.5106248547895        0.0000000000000000        0.0000000000000000        1.7379631436320560E-048   1.9224346915700694E-049   9.3248091554707097E-050   8.3378450157862475E-050   9.6980134543730153E-050   1.2639996048615442E-049   1.7280861779718313E-049   2.4435422593480712E-049   3.5349297703958861E-049   5.1219820559060094E-049   7.4891120303564385E-049   1.1041842326118548E-048   1.6363585142010988E-048   2.4325008741772348E-048   3.6253097448699309E-048   5.4112340450935141E-048   8.0787553238150801E-048   1.1997630448568150E-047
   2559.5479226995335        0.0000000000000000        0.0000000000000000        1.3936014874887452E-048   1.5569513925826264E-049   7.6505003441397245E-050   6.9310228641997111E-050   8.2573222006300680E-050   1.0886400300822714E-049   1.5245638945042781E-049   2.1493071060422283E-049   3.0928473662743839E-049   4.5167914697182660E-049   6.6557339305250732E-049   9.8158397870862159E-049   1.4487398172358051E-048   2.1457781833216154E-048   3.1878963357316229E-048   4.7444706349461014E-048   7.0734814539803508E-048   1.0552034395276307E-047
   3727.5937203149379        0.0000000000000000        0.0000000000000000        1.1219187908769847E-048   1.2636933467789133E-049   6.2782660927707221E-050   5.7468502224261694E-050   6.9427229174888731E-050   9.3562966636004075E-050   1.3126618946392962E-049   1.8885519697896259E-049   2.7139385647683166E-049   3.9448817708457705E-049   5.7885881061324117E-049   8.5565901721021147E-049   1.2706080884264294E-048   1.8919229119418607E-048   2.8133141879591856E-048   4.1739677889786642E-048   6.2056620994231800E-048   9.2318051862718922E-048
   5428.6754393238598        0.0000000000000000        0.0000000000000000        9.0674990628403799E-049   1.0282765813116640E-049   5.1582744735236425E-050   4.7553743533185770E-050   5.8112780495755096E-050   7.9972353051629621E-050   1.1258583858732689E-049   1.6190114736649327E-049   2.3550688106211472E-049   3.4378518033176389E-049   5.0241234103261853E-049   7.4019008621464105E-049   1.0960188065337747E-048   1.6277837534865302E-048   2.4242922454019130E-048   3.6160951084868994E-048   5.4027846497751807E-048   8.0594071042871173E-048
   7906.0432109076855        0.0000000000000000        0.0000000000000000        7.3571378473350198E-049   8.3917501354114852E-050   4.2479730362538091E-050   3.9316090099624349E-050   4.8441100639351251E-050   6.7231651725779036E-050   9.5929982355197599E-050   1.3799874621411216E-049   2.0034011999616942E-049   2.9363242694365320E-049   4.3325769030532090E-049   6.3661951094652102E-049   9.4019220437671740E-049   1.3930580972705692E-048   2.0704648194995808E-048   3.0824749340414275E-048   4.5978141018947949E-048   6.8605626417471622E-048
   11513.953993264458        0.0000000000000000        0.0000000000000000        5.9928627930074748E-049   6.8715714575271458E-050   3.5107302362266212E-050   3.2523814527507364E-050   4.0262611329770044E-050   5.6006813302202043E-050   8.1134039512599843E-050   1.1679975339302049E-049   1.6931125850218854E-049   2.4765281129944737E-049   3.6465923202561799E-049   5.4035734978935542E-049   8.0066112332019042E-049   1.1838498891396279E-048   1.7563334075257560E-048   2.6104304862782340E-048   3.8879881877835326E-048   5.7927728250830316E-048
   16768.329368110066        0.0000000000000000        0.0000000000000000        4.9010709430092550E-049   5.6484161726433705E-050   2.8938674412897102E-050   2.6958129846412885E-050   3.3421143753766981E-050   4.6484568267727200E-050   6.7437619919114717E-050   9.8208989063264482E-050   1.4218985246404132E-049   2.0763503710105868E-049   3.0520613723373682E-049   4.5160743452356189E-049   6.7100821353563561E-049   9.9928023057878952E-049   1.4801532675148662E-048   2.1967438288210369E-048   3.2676386226297620E-048   4.8622280200895779E-048
   24420.530945486498        0.0000000000000000        0.0000000000000000        4.0245335533033102E-049   4.6632141061669012E-050   2.3946921560953882E-050   2.2417658112808096E-050   2.7747148216670115E-050   3.8493285831304469E-050   5.5861112170549523E-050   8.1826165153607998E-050   1.1881943185733803E-049   1.7326175610724936E-049   2.5430859484144142E-049   3.7583640577551494E-049   5.5782028742120699E-049   8.3010642480378439E-049   1.2384346245525825E-048   1.8394742670437474E-048   2.7330691895754806E-048   4.0621925047336652E-048
   35564.803062231287        0.0000000000000000        0.0000000000000000        3.3184057380697920E-049   3.8684595351843217E-050   1.9909762137676303E-050   1.8722493811099307E-050   2.3067906871683202E-050   3.1843261399339454E-050   4.6172415279262313E-050   6.7622922453042211E-050   9.8958641323660627E-050   1.4411907848534424E-049   2.1126540670587157E-049   3.1189107227382823E-049   4.6246641380311830E-049   6.8762665631229100E-049   1.0250704060577609E-048   1.5303975400392817E-048   2.2787507726171019E-048   3.3834628578884849E-048
   51794.746792312020        0.0000000000000000        0.0000000000000000        2.7472571331440557E-049   3.2256275483961181E-050   1.6641197535718759E-050   1.5544929737903008E-050   1.9061589619022112E-050   2.6340450051011029E-050   3.8123507186755882E-050   5.5806112571323782E-050   8.1892681598232035E-050   1.1966694299402023E-049   1.7521905030176457E-049   2.5842377055798802E-049   3.8284324038806282E-049   5.6879412293037387E-049   8.4729556233397052E-049   1.2641620344427044E-048   1.8893961543904822E-048   2.8136696635402823E-048
   75431.200633546076        0.0000000000000000        0.0000000000000000        2.2829438207082026E-049   2.7032353822634284E-050   1.3985810596377343E-050   1.2946162556428280E-050   1.5767851621710777E-050   2.1801037508528123E-050   3.1469750184654898E-050   4.6028519893368270E-050   6.7502551408770987E-050   9.9298293858847891E-050   1.4523577563622112E-049   2.1400234307745218E-049   3.1675878143828842E-049   4.7025664374735547E-049   6.9999646502775024E-049   1.0437231904362909E-048   1.5589823314287069E-048   2.3294009767416702E-048
   109854.11419875573        0.0000000000000000        0.0000000000000000        1.8935786139938432E-049   2.2755744464806639E-050   1.1813861463142681E-050   1.0814587486600166E-050   1.3062843424536659E-050   1.8060667103652704E-050   2.5985385605011377E-050   3.7966170514312032E-050   5.5639417197637850E-050   8.1981091124441423E-050   1.2039799382236789E-049   1.7723785664940432E-049   2.6211017801452004E-049   3.8882940312128836E-049   5.7835319438595975E-049   8.6178409958664003E-049   1.2864132454499412E-048   1.9210403711577720E-048
   159985.87196060573        0.0000000000000000        0.0000000000000000        1.5669820037298520E-049   1.9060480325947468E-050   1.0012684918587939E-050   9.0550634536851164E-051   1.0835571053648556E-050   1.4978270308994614E-050   2.1471543394632825E-050   3.1331025241187554E-050   4.5878162406098855E-050   6.7550265884683985E-050   9.9866383210692395E-050   1.4686971032041318E-049   2.1700092726438587E-049   3.2165650219255777E-049   4.7806305854247158E-049   7.1185849572538270E-049   1.0619110225960739E-048   1.5848395798510210E-048
   232995.18105153670        0.0000000000000000        0.0000000000000000        1.2979764279194187E-049   1.5905363924344058E-050   8.3801617227324554E-051   7.5925040577794212E-051   8.9965456206795050E-051   1.2400215777425285E-050   1.7758302896619989E-050   2.5875183691090435E-050   3.7853454051255701E-050   5.5690015879457476E-050   8.2308917575156214E-050   1.2180325498623921E-049   1.7979062218714269E-049   2.6627639244669403E-049   3.9542689284310433E-049   5.8838378557073274E-049   8.7710530137012877E-049   1.3082008733858278E-048
   339322.17718953232        0.0000000000000000        0.0000000000000000        1.0757622865034401E-049   1.3276587798952596E-050   7.0166818446209099E-051   6.3695902898781920E-051   7.4746451709015570E-051   1.0223391867034730E-050   1.4703238699962613E-050   2.1389721893956948E-050   3.1257757337348189E-050   4.5944514327132222E-050   6.7850413696732809E-050   1.0074121674484329E-049   1.4909656667755350E-049   2.2061888481391019E-049   3.2733805447566924E-049   4.8669520764865667E-049   7.2498293360226917E-049   1.0805824512518221E-048
   494171.33613238280        0.0000000000000000        0.0000000000000000        8.9190036958872690E-050   1.1079252120891356E-050   5.8728082301825824E-051   5.3410877854401499E-051   6.2134217844331457E-051   8.4347539367715126E-051   1.2188343138733587E-050   1.7700869384121829E-050   2.5835447923169245E-050   3.7935464776521393E-050   5.5972273314405869E-050   8.3042512137499114E-050   1.2360712559801323E-049   1.8296574053706661E-049   2.7122014650382522E-049   4.0292753704499335E-049   5.9973538251262884E-049   8.9325955021245537E-049
   719685.67300115142        0.0000000000000000        0.0000000000000000        7.3968704316272781E-050   9.2408503105167206E-051   4.9115821334439974E-051   4.4291370596148669E-051   5.1676027248039055E-051   6.9643740086495242E-051   1.0077198085296551E-050   1.4665253817030779E-050   2.1375615185512941E-050   3.1350936146205032E-050   4.6210965629378947E-050   6.8503636393800583E-050   1.0189070890925657E-049   1.5189915797874104E-049   2.2494837133379421E-049   3.3389473548852985E-049   4.9657617966259033E-049   7.3904569514025360E-049
   1048113.1341546853        0.0000000000000000        0.0000000000000000        6.1368739735897076E-050   7.7039273611422882E-051   4.1043461648730987E-051   3.6720078252239804E-051   4.3003178317718203E-051   5.7550440602042850E-051   8.3068020333857736E-051   1.2165144249088194E-050   1.7704969212412190E-050   2.5934607938913274E-050   3.8185635609295527E-050   5.6555913837852415E-050   8.4052738407223993E-050   1.2524436617974847E-049   1.8677394989312658E-049   2.7697548835617433E-049   4.1156838589090094E-049   6.1203153050749309E-049
   1526417.9671752304        0.0000000000000000        0.0000000000000000        5.0942230608708366E-050   6.4210934875536162E-051   3.4277223203604054E-051   3.0440692515897094E-051   3.5573316601264600E-051   4.7599018066436157E-051   6.8534010321256945E-051   1.0068831934664747E-050   1.4681462859283984E-050   2.1476257760343487E-050   3.1583832383438025E-050   4.6732741775809840E-050   6.9394187075497536E-050   1.0332475505320476E-049   1.5414743969120772E-049   2.3001468991486658E-049   3.4147628771899908E-049   5.0736123443145378E-049
   2222996.4825261910        0.0000000000000000        0.0000000000000000        4.2316728467112073E-050   5.3469601711180438E-051   2.8571825114466047E-051   2.5238515375649002E-051   2.9377406598039005E-051   3.9405347197964897E-051   5.6594224549402816E-051   8.3032982968079445E-051   1.2188804448286150E-050   1.7803662103822122E-050   2.6149470820310151E-050   3.8651605510180021E-050   5.7341978575625424E-050   8.5311345287295440E-050   1.2718004858652818E-049   1.8992641748004567E-049   2.8364207739917623E-049   4.2104697111584719E-049
   3237457.5428176401        0.0000000000000000        0.0000000000000000        3.5158143140958858E-050   4.4170373664410814E-051   2.3623842513770297E-051   2.0932629661306010E-051   2.4276048037276593E-051   3.2654531902583626E-051   4.6778448277071557E-051   6.8532487410768920E-051   1.0086944669578340E-050   1.4775816382599803E-050   2.1672800244183798E-050   3.1999135795049438E-050   4.7426618764403370E-050   7.0499679685528610E-050   1.0501732604843395E-049   1.5671908605840160E-049   2.3422103042999008E-049   3.4981568783518740E-049
   4714866.3634573901        0.0000000000000000        0.0000000000000000        2.9005942739942065E-050   3.6502138571213121E-051   1.9537269224221070E-051   1.7370702126852661E-051   2.0075064430326292E-051   2.7088467480555437E-051   3.8702644069941036E-051   5.6614760401549806E-051   8.3221621702828037E-051   1.2277307113840630E-050   1.7982087545884413E-050   2.6518729530468768E-050   3.9263672414107325E-050   5.8312931371479210E-050   8.6792340292771706E-050   1.2942530583879577E-049   1.9329722996103974E-049   2.8886943107979180E-049
   6866488.4500429993        0.0000000000000000        0.0000000000000000        2.3947043991781844E-050   3.0181238295245863E-051   1.6164436048817706E-051   1.4424968176375239E-051   1.6614375719762286E-051   2.2495632978077914E-051   3.2053089279807644E-051   4.6812617629554167E-051   6.8719291997569908E-051   1.0140511286419714E-050   1.4936745131969997E-050   2.2000316224364205E-050   3.2538447488339629E-050   4.8278950008709031E-050   7.1795603763677965E-050   1.0697805189949179E-049   1.5965682879412863E-049   2.3843086283100400E-049
   9999999.9999999795        0.0000000000000000        0.0000000000000000        1.9785698994076304E-050   2.4971404183637628E-051   1.3381605506075226E-051   1.1988767377499444E-051   1.3762216927947672E-051   1.8702691286812216E-051   2.6573404804623207E-051   3.8744420581451983E-051   5.6793742724915664E-051   8.3705451375279930E-051   1.2389872388816546E-050   1.8271921056056148E-050   2.6993362084030503E-050   4.0011319642158252E-050   5.9446578646593175E-050   8.8504359051561956E-050   1.3198588139300489E-049   1.9696329146789903E-049
