   0.00000000       100.00000000000000     
  0.10000000000000001        5.5563285626377428E-047
  0.14563484775012439        4.0631542201953294E-047
  0.21209508879201910        2.9858778623693749E-047
  0.30888435964774813        2.2015869474077278E-047
  0.44984326689694454        1.6266195192419486E-047
  0.65512855685955085        1.2136812808806588E-047
  0.95409547634999403        9.0129507015429978E-048
   1.3894954943731375        6.7797844622669995E-048
   2.0235896477251565        5.1054199697534027E-048
   2.9470517025518101        3.8585877940239726E-048
   4.2919342601287758        2.9487411822938941E-048
   6.2505519252739701        2.2649407016966802E-048
   9.1029817799152166        1.7402900201560866E-048
   13.257113655901083        1.3506856839849778E-048
   19.306977288832499        1.0579872350873028E-048
   28.117686979742281        8.3584539463721045E-049
   40.949150623804236        6.6577234335549361E-049
   59.636233165946436        5.3461435206417687E-049
   86.851137375135210        4.3289811623004761E-049
   126.48552168552959        3.5373276634608654E-049
   184.20699693267147        2.9207336069155502E-049
   268.26957952797250        2.4422675866141350E-049
   390.69399370546131        2.0752875824561881E-049
   568.98660290182931        1.8015586161223385E-049
   828.64277285468438        1.5828915725283054E-049
   1206.7926406393290        1.4130279234598897E-049
   1757.5106248547895        1.2865304089535599E-049
   2559.5479226995335        1.1877600327085961E-049
   3727.5937203149379        1.1019898664050235E-049
   5428.6754393238598        1.0380133565677964E-049
   7906.0432109076855        9.7938704255549786E-050
   11513.953993264458        9.1252785744444552E-050
   16768.329368110066        8.5065241930017591E-050
   24420.530945486498        7.8299380087756563E-050
   35564.803062231287        7.0463266767168797E-050
   51794.746792312020        6.2671980115187222E-050
   75431.200633546076        5.4736312704971329E-050
   109854.11419875573        4.6746166184370945E-050
   159985.87196060573        3.9600323498650444E-050
   232995.18105153670        3.3307196658960361E-050
   339322.17718953232        2.7861377295751367E-050
   494171.33613238280        2.3182928873695719E-050
   719685.67300115142        1.9126778450909028E-050
   1048113.1341546853        1.5768872910455957E-050
   1526417.9671752304        1.2999337078222472E-050
   2222996.4825261910        1.0720021052313805E-050
   3237457.5428176401        8.8461481885356055E-051
   4714866.3634573901        7.3060782227823082E-051
   6866488.4500429993        6.0401093198173125E-051
   9999999.9999999795        4.9989181459622692E-051
