   0.00000000       5.0000000000000009        7.4594777891030546        11.128761777224360        16.602950259484825        24.769867738841974        36.954055647382404        55.131591463785448        82.250576400402196        122.70926955994489        183.06941415989363        273.12044575796682        407.46717977629612        607.89847546594820        906.92103515356939        1353.0314636396799        2018.5816301955592        3011.5129671870409        4492.8628180655114        6702.8820801693328        10000.000000000000     
  0.10000000000000001        0.0000000000000000        0.0000000000000000        2.5148607213912104E-045   2.0605163651189910E-046   7.3548038339903452E-047   4.9517569745187073E-047   4.6609417251761603E-047   5.3764984246676049E-047   6.8940613928572515E-047   9.4525875184843895E-047   1.3406210245279121E-046   1.9461529147241035E-046   2.8608834159217180E-046   4.2101063920797471E-046   6.2223387161479643E-046   9.2283491186588506E-046   1.3719191722420723E-045   2.0427186493271947E-045   3.0450027836116940E-045   4.5431244274447565E-045
  0.14563484775012439        0.0000000000000000        0.0000000000000000        1.8257118146023360E-045   1.5066842107716757E-046   5.3993251148539618E-047   3.6358848558827452E-047   3.4338767764748940E-047   3.9276259702789111E-047   5.0650306647521467E-047   6.9432750088438449E-047   9.9014337068333793E-047   1.4281438421982034E-046   2.0896494337783655E-046   3.0826322986895762E-046   4.5700530836051049E-046   6.7961872154018721E-046   1.0128199437116573E-045   1.5090980484896151E-045   2.2434313787106335E-045   3.3385218274274993E-045
  0.21209508879201910        0.0000000000000000        0.0000000000000000        1.3197289084228278E-045   1.0929490136439773E-046   3.9373401319549980E-047   2.6689468134583062E-047   2.5188358478818479E-047   2.9065412078295194E-047   3.7310009797250830E-047   5.1261715898588629E-047   7.2609554590330438E-047   1.0531915181513278E-046   1.5473245233287135E-046   2.2842038294623793E-046   3.3740234426109322E-046   5.0015971606829277E-046   7.4324805569173081E-046   1.1062422406688078E-045   1.6484626617948873E-045   2.4587113066618446E-045
  0.30888435964774813        0.0000000000000000        0.0000000000000000        9.6121601961736438E-046   8.0363845112341016E-047   2.9061090121101652E-047   1.9700765416721473E-047   1.8740683132501555E-047   2.1429744288485779E-047   2.7686239067802942E-047   3.7851383776573665E-047   5.4011656804641088E-047   7.8052145543576650E-047   1.1407901077702326E-046   1.6814634177305318E-046   2.4911030952666429E-046   3.7024036325512908E-046   5.5148381604494823E-046   8.2262341740149630E-046   1.2270804916092939E-045   1.8249312625101211E-045
  0.44984326689694454        0.0000000000000000        0.0000000000000000        6.9935217484982371E-046   5.8641398806189800E-047   2.1363399331177254E-047   1.4607240750477459E-047   1.3818158210889073E-047   1.5935617996057531E-047   2.0496658830206789E-047   2.8281944453656893E-047   3.9951339892359411E-047   5.7846773174256457E-047   8.4881212340223261E-047   1.2549830084744257E-046   1.8612494110607121E-046   2.7563245824563990E-046   4.0923819637574024E-046   6.0861770302228166E-046   9.0625533961715075E-046   1.3507579277004324E-045
  0.65512855685955085        0.0000000000000000        0.0000000000000000        5.1196047723493810E-046   4.3427742623007537E-047   1.5844868087831964E-047   1.0834066446462086E-047   1.0327798635847050E-047   1.1904019700533957E-047   1.5374490918503660E-047   2.0984103638179350E-047   2.9854678742802028E-047   4.3432130204537293E-047   6.3413253327485780E-047   9.3322285981231216E-047   1.3808302072603388E-046   2.0500310789487071E-046   3.0506796376965786E-046   4.5465865158429372E-046   6.7836074623814738E-046   1.0130190150713838E-045
  0.95409547634999403        0.0000000000000000        0.0000000000000000        3.7466096341459678E-046   3.1885889454054846E-047   1.1780732811379668E-047   8.1392149727550885E-048   7.7240616643610782E-048   8.8918945889179982E-048   1.1473937407134703E-047   1.5771476137868275E-047   2.2423651237047563E-047   3.2369459971474039E-047   4.7394950848127806E-047   6.9958202694834228E-047   1.0377208991442709E-046   1.5440207017786315E-046   2.2998781718519694E-046   3.4156625784947008E-046   5.0795406996489333E-046   7.5618826569916164E-046
   1.3894954943731375        0.0000000000000000        0.0000000000000000        2.7630403093511356E-046   2.3722074960677704E-047   8.7759431458863617E-048   6.0694811124523078E-048   5.7974002024885866E-048   6.7226276142565744E-048   8.6425260868419694E-048   1.1886495897560102E-047   1.6828720330291462E-047   2.4404249821075251E-047   3.5851161339417951E-047   5.2962507934511787E-047   7.8202500200683346E-047   1.1589481933918460E-046   1.7219402277559638E-046   2.5625925495752574E-046   3.8183067466669009E-046   5.6948209834062482E-046
   2.0235896477251565        0.0000000000000000        0.0000000000000000        2.0325685957873480E-046   1.7618603599428455E-047   6.6179884461033991E-048   4.5776332591128245E-048   4.4015487079306763E-048   5.0762768570437445E-048   6.5824077720045310E-048   8.9703967739193155E-048   1.2776735091080059E-047   1.8559902928145213E-047   2.7081641888667657E-047   3.9868467438679760E-047   5.9011003133046345E-047   8.7639051276208611E-047   1.3046257278097954E-046   1.9450133948888662E-046   2.9029923197801042E-046   4.3366482197086936E-046
   2.9470517025518101        0.0000000000000000        0.0000000000000000        1.5147010761312115E-046   1.3161455874961312E-047   4.9584259048862164E-048   3.4834691403638627E-048   3.3341179543303703E-048   3.8527688244395007E-048   4.9788588145919200E-048   6.8441811645505201E-048   9.7367383047084474E-048   1.4049046516121235E-047   2.0565359738457659E-047   3.0351696882874397E-047   4.5019365100022235E-047   6.6982918939440454E-047   9.9841581544150277E-047   1.4824637078501057E-046   2.2042198135293524E-046   3.2809602704771871E-046
   4.2919342601287758        0.0000000000000000        0.0000000000000000        1.1194188605402892E-046   9.9330728743808316E-048   3.7524885389937969E-048   2.6370209684358033E-048   2.5406901735196063E-048   2.9543527620372066E-048   3.8061932285077961E-048   5.2517535293346806E-048   7.4208741936236086E-048   1.0748470846310449E-047   1.5777587339602662E-047   2.3336384190261407E-047   3.4537705661317944E-047   5.1144234217383664E-047   7.5941075619703680E-047   1.1295213587818903E-046   1.6821675976942221E-046   2.5077724400785813E-046
   6.2505519252739701        0.0000000000000000        0.0000000000000000        8.3823438768806840E-047   7.4474443710033699E-048   2.8693696481322969E-048   2.0173331811817920E-048   1.9551158707282532E-048   2.2780881827001961E-048   2.9374153892697615E-048   4.0222875643986715E-048   5.7120405822026770E-048   8.3007170238078250E-048   1.2176171612869244E-047   1.7893786239939858E-047   2.6448995120955844E-047   3.9235172652555697E-047   5.8351018521327486E-047   8.6918090310655270E-047   1.2962645681015013E-046   1.9350602452717481E-046
   9.1029817799152166        0.0000000000000000        0.0000000000000000        6.2816175743792613E-047   5.6477575401317410E-048   2.1840271647401094E-048   1.5575810311406677E-048   1.5167001425115374E-048   1.7534404571347904E-048   2.2777876852244657E-048   3.1097236131541597E-048   4.4351277560852061E-048   6.4247997799377796E-048   9.3770659616326871E-048   1.3808612143814791E-047   2.0445825521609448E-047   3.0375777821668380E-047   4.5237325616308424E-047   6.7470416464266615E-047   1.0074449661844994E-046   1.5008661726602758E-046
   13.257113655901083        0.0000000000000000        0.0000000000000000        4.7208478983096781E-047   4.3250057323211181E-048   1.6752277874752657E-048   1.2055864327498399E-048   1.1714615890408730E-048   1.3616271234476183E-048   1.7646555212021601E-048   2.4241770162689505E-048   3.4560558164174540E-048   4.9806176489908472E-048   7.2854402865693945E-048   1.0747305699657014E-047   1.5936511744945752E-047   2.3707049317306548E-047   3.5347470432363018E-047   5.2575482656322735E-047   7.8133952428741244E-047   1.1625489825895982E-046
   19.306977288832499        0.0000000000000000        0.0000000000000000        3.5874052822792525E-047   3.2898184210482210E-048   1.2963871792921521E-048   9.3403787334915606E-049   9.1251492120743148E-049   1.0656605798205297E-048   1.3784106735841985E-048   1.9035984396426902E-048   2.6941385283009167E-048   3.8925847987221753E-048   5.7046114203937707E-048   8.4277859708543075E-048   1.2512644933408890E-047   1.8597421238393748E-047   2.7578748191054712E-047   4.0972745688746644E-047   6.0957513967135671E-047   9.0793698607335571E-047
   28.117686979742281        0.0000000000000000        0.0000000000000000        2.7232390811466730E-047   2.5268381299759854E-048   1.0110698090844550E-048   7.2948340795596777E-049   7.1615916279972757E-049   8.3980491379982978E-049   1.0845707804111800E-048   1.4988869582615941E-048   2.1162689573218533E-048   3.0641968220151945E-048   4.4976397959461798E-048   6.6528863574406854E-048   9.8473226188965373E-048   1.4575300224321198E-047   2.1636471442859161E-047   3.2175414386010925E-047   4.7912918935043383E-047   7.1427071950851234E-047
   40.949150623804236        0.0000000000000000        0.0000000000000000        2.0756742646712824E-047   1.9574714079521934E-048   7.8804497958327209E-049   5.7379107218328450E-049   5.6580791881168599E-049   6.6587899741568044E-049   8.5890084266200523E-049   1.1823104277264827E-048   1.6736553303147542E-048   2.4275450393829452E-048   3.5677278290239425E-048   5.2627224587228990E-048   7.7660358335989016E-048   1.1505127563173412E-047   1.7093221790322248E-047   2.5439087866794974E-047   3.7909994830277906E-047   5.6555776574014201E-047
   59.636233165946436        0.0000000000000000        0.0000000000000000        1.5971440944505478E-047   1.5278643924543250E-048   6.1667787069613261E-049   4.5419152856601649E-049   4.4968168666586130E-049   5.2978711765643179E-049   6.8412165888640068E-049   9.3879840864426228E-049   1.3316650018744010E-048   1.9341568999513750E-048   2.8445206415155840E-048   4.1746767067772445E-048   6.1652948637503676E-048   9.1401099577855787E-048   1.3588444158817657E-047   2.0235566781208979E-047   3.0173372961006359E-047   4.5039795786812641E-047
   86.851137375135210        0.0000000000000000        0.0000000000000000        1.2392201188997037E-047   1.1893181409832260E-048   4.8594486156891676E-049   3.6156355445594193E-049   3.5930101076890308E-049   4.2235831428161054E-049   5.4774991931088438E-049   7.4993940533360062E-049   1.0653803352316342E-048   1.5489770965291160E-048   2.2690535968323033E-048   3.3322503352278994E-048   4.9239657032301992E-048   7.3035690019505692E-048   1.0863392705537416E-047   1.6184936213119507E-047   2.4144149915457048E-047   3.6055665741935555E-047
   126.48552168552959        0.0000000000000000        0.0000000000000000        9.5808134513593175E-048   9.3114681254779139E-049   3.8532907981766020E-049   2.8930638304816541E-049   2.8848581668201621E-049   3.3874530608095994E-049   4.4065727470074364E-049   6.0241432334317063E-049   8.5664922974467906E-049   1.2463469603647321E-048   1.8209389571647813E-048   2.6751799154647197E-048   3.9544233320090230E-048   5.8673873635050892E-048   8.7300201736466287E-048   1.3010508991540054E-047   1.9414471309765421E-047   2.9001318161913802E-047
   184.20699693267147        0.0000000000000000        0.0000000000000000        7.4559346338460008E-048   7.3398038107800501E-049   3.0728880276514450E-049   2.3258579384234731E-049   2.3268040516542251E-049   2.7324420179135039E-049   3.5609424679068232E-049   4.8647265116109128E-049   6.9209683940723041E-049   1.0072775656682357E-048   1.4697361318668362E-048   2.1594626702138802E-048   3.1925221245297637E-048   4.7375643617323381E-048   7.0500696422841745E-048   1.0508463862833927E-047   1.5683337845386253E-047   2.3431635324516494E-047
   268.26957952797250        0.0000000000000000        0.0000000000000000        5.8452140145626397E-048   5.8211899225078300E-049   2.4634673773519433E-049   1.8782235273224319E-049   1.8849147907801222E-049   2.2165812514842910E-049   2.8901966887315205E-049   3.9489911271933218E-049   5.6176591648863071E-049   8.1757423921130849E-049   1.1930374450243234E-048   1.7526150558050268E-048   2.5907949440539155E-048   3.8443927879986496E-048   5.7208174367637967E-048   8.5270899353041848E-048   1.2726321257246726E-047   1.9014186187759523E-047
   390.69399370546131        0.0000000000000000        0.0000000000000000        4.6126912764322710E-048   4.6427149787960467E-049   1.9847823394830689E-049   1.5233907156480156E-049   1.5336772588871921E-049   1.8086844428497526E-049   2.3563411366382927E-049   3.2230350980068969E-049   4.5817491149467435E-049   6.6653017720294095E-049   9.7418645958691208E-049   1.4304244474017619E-048   2.1137792469245415E-048   3.1356891368553747E-048   4.6652226432004827E-048   6.9524118941808396E-048   1.0374542280696119E-047   1.5498432174526232E-047
   568.98660290182931        0.0000000000000000        0.0000000000000000        3.6616182495183051E-048   3.7221498143429089E-049   1.6069405759196893E-049   1.2411559489201071E-049   1.2537486250305413E-049   1.4853867163363503E-049   1.9305158543758687E-049   2.6462701803904565E-049   3.7565803028461136E-049   5.4600621426451845E-049   8.0070213019867947E-049   1.1746974348097371E-048   1.7347671674142181E-048   2.5720734975506564E-048   3.8250419882862581E-048   5.6981191313766053E-048   8.4999100233757709E-048   1.2694058736235152E-047
   828.64277285468438        0.0000000000000000        0.0000000000000000        2.9222209704965557E-048   2.9989082522920860E-049   1.3075172007212328E-049   1.0161454689938063E-049   1.0303597070048718E-049   1.2290806347114970E-049   1.5906635853269999E-049   2.1879592883315689E-049   3.0989861179565842E-049   4.4977655364637410E-049   6.6154948478803198E-049   9.7168478394308678E-049   1.4335248203539728E-048   2.1236476477600156E-048   3.1559718767305381E-048   4.6984430109147165E-048   7.0046586966776181E-048   1.0455582162116876E-047
   1206.7926406393290        0.0000000000000000        0.0000000000000000        2.3435485435330873E-048   2.4278577075006073E-049   1.0695289367449255E-049   8.3657350204302357E-050   8.5217100634311820E-050   1.0181094603732214E-049   1.3198639502090973E-049   1.8247790080012739E-049   2.5759745207107820E-049   3.7306070310537122E-049   5.4789570061437695E-049   8.1097532228749478E-049   1.1946841701092392E-048   1.7676446908624959E-048   2.6242009925437221E-048   3.9030883708184598E-048   5.8138828467447020E-048   8.6713411694930534E-048
   1757.5106248547895        0.0000000000000000        0.0000000000000000        1.8879587835221663E-048   1.9750191849489022E-049   8.7999160514448905E-050   6.9334291381635143E-050   7.1044692936150292E-050   8.4928451006833901E-050   1.1051439388521009E-049   1.5330105297396097E-049   2.1623770673261668E-049   3.1218859819658343E-049   4.5750601869930027E-049   6.7612083478611533E-049   1.0045179712687429E-048   1.4867713927058666E-048   2.2039684094848970E-048   3.2736292815201511E-048   4.8702101563044623E-048   7.2556153487199079E-048
   2559.5479226995335        0.0000000000000000        0.0000000000000000        1.5273349960599336E-048   1.6145404776207482E-049   7.2887735131576511E-050   5.7938430351684572E-050   5.9845682335351274E-050   7.1596414320289715E-050   9.3664157229085108E-050   1.2900798105841286E-049   1.8392191927649679E-049   2.6436430965459127E-049   3.8623053632362497E-049   5.6945910226298004E-049   8.4450179881418579E-049   1.2567144310820344E-048   1.8752138254035151E-048   2.7809877225076940E-048   4.1300506880922103E-048   6.1430446768639310E-048
   3727.5937203149379        0.0000000000000000        0.0000000000000000        1.2404602466156219E-048   1.3265455132125591E-049   6.0835015565939166E-050   4.8916091121896339E-050   5.1103958226453971E-050   6.1222096997077825E-050   8.0704857700396712E-050   1.1005341124745100E-049   1.5688605155441899E-049   2.2750728545954517E-049   3.3094131483363458E-049   4.8633393789795881E-049   7.1935865594607354E-049   1.0681324370446530E-048   1.5908717228796340E-048   2.3732278563488393E-048   3.5449660097530107E-048   5.2848362598158600E-048
   5428.6754393238598        0.0000000000000000        0.0000000000000000        1.0111803482218135E-048   1.0956049448307317E-049   5.1220191844038040E-050   4.1828749662858377E-050   4.4057643407136531E-050   5.3368710254707746E-050   6.9351918263982669E-050   9.5654169443702327E-050   1.3520420050783955E-049   1.9592161816241390E-049   2.8789231496181767E-049   4.2328864449203012E-049   6.2381959520136952E-049   9.2340026130078381E-049   1.3717318909635520E-048   2.0414187154998723E-048   3.0426026209026370E-048   4.5409681016878938E-048
   7906.0432109076855        0.0000000000000000        0.0000000000000000        8.2711160182353266E-049   9.0966199519564716E-050   4.3462831873216445E-050   3.5928437489677852E-050   3.8034928522511961E-050   4.6240021952060544E-050   6.0713849494981907E-050   8.3899212802204505E-050   1.1911645478067346E-049   1.7123699837581596E-049   2.5021751867017961E-049   3.6900072479537981E-049   5.4742997166608884E-049   8.1495122341343552E-049   1.2089810492167658E-048   1.7931936191598939E-048   2.6643985239722634E-048   3.9653080475121413E-048
   11513.953993264458        0.0000000000000000        0.0000000000000000        6.7872188752865593E-049   7.5929173296329205E-050   3.6653933243064112E-050   3.0879614657802442E-050   3.3460681866289051E-050   4.0957898311887553E-050   5.4192174022215789E-050   7.4174545982723054E-050   1.0535547188575073E-049   1.5309844825476593E-049   2.2275315718182661E-049   3.2654930453867452E-049   4.8220828754415304E-049   7.1503781733775717E-049   1.0640591322284345E-048   1.5860370284962610E-048   2.3674113917133197E-048   3.5384539671693715E-048
   16768.329368110066        0.0000000000000000        0.0000000000000000        5.5865691569700376E-049   6.3717989166496325E-050   3.1125149395523483E-050   2.6871301049720745E-050   2.9554601730688506E-050   3.6558923997118505E-050   4.8195745382472498E-050   6.6925846512927891E-050   9.4461148689979275E-050   1.3589339231897285E-049   1.9868223861301555E-049   2.9314015816051436E-049   4.3514487310060976E-049   6.4342408810867284E-049   9.5326572509011884E-049   1.4150822196684151E-048   2.1042729291377179E-048   3.1344041681328115E-048
   24420.530945486498        0.0000000000000000        0.0000000000000000        4.6121997268932524E-049   5.3641552958764977E-050   2.6614597665829480E-050   2.3484014788407714E-050   2.6096797866528307E-050   3.2721828595080225E-050   4.3790334699310302E-050   6.0004701514671033E-050   8.5201289913245723E-050   1.2369620913373850E-049   1.7942987362697876E-049   2.6282396007619484E-049   3.8797216087117375E-049   5.7517096493169700E-049   8.5604826158646784E-049   1.2760924951888982E-048   1.9049668707377212E-048   2.8478037387359987E-048
   35564.803062231287        0.0000000000000000        0.0000000000000000        3.8195496736761825E-049   4.4879024369940368E-050   2.2921573735417527E-050   2.0284323919840584E-050   2.3288276031264069E-050   2.9442871441995006E-050   3.9237899330033798E-050   5.4590825119270290E-050   7.7131366299291663E-050   1.1069851032224443E-049   1.6157153401227623E-049   2.3808003767011066E-049   3.5315284746997167E-049   5.2185340237892101E-049   7.7291945096686420E-049   1.1469489292540105E-048   1.7050088241570970E-048   2.5393907901190512E-048
   51794.746792312020        0.0000000000000000        0.0000000000000000        3.1731934839216590E-049   3.7712456639039707E-050   1.9507293521732473E-050   1.7625455288368992E-050   2.0344284993581436E-050   2.6213990230871546E-050   3.5593945717265146E-050   4.9008687318455344E-050   6.9514201899133471E-050   1.0072516492414339E-049   1.4606428501016700E-049   2.1357343740910701E-049   3.1494805247347792E-049   4.6653596195131409E-049   6.9420008558956834E-049   1.0345179881567340E-048   1.5439084321304485E-048   2.3067957512225247E-048
   75431.200633546076        0.0000000000000000        0.0000000000000000        2.6444891491574651E-049   3.1840093724416977E-050   1.6646769084506320E-050   1.5324356742173446E-050   1.7846886087257560E-050   2.3397163425305236E-050   3.1574011106679399E-050   4.4194719482219418E-050   6.2436760479184847E-050   8.9493994369971107E-050   1.3048164842283712E-049   1.9208642206484273E-049   2.8480101080283730E-049   4.1942507924111343E-049   6.2128228562567329E-049   9.2192058519911032E-049   1.3704249674221052E-048   2.0414355902251358E-048
   109854.11419875573        0.0000000000000000        0.0000000000000000        2.2100958079344786E-049   2.7006320759951782E-050   1.4281438701756942E-050   1.3083562604535960E-050   1.5510230728021061E-050   2.0361093063037468E-050   2.8172902044634908E-050   3.8999221702559534E-050   5.5516289123481360E-050   8.0202053052569942E-050   1.1594028305956383E-049   1.6953993126221799E-049   2.5010840336237191E-049   3.7061509092598517E-049   5.5186607120194428E-049   8.2287297090227094E-049   1.2265249944995298E-048   1.8200548572506481E-048
   159985.87196060573        0.0000000000000000        0.0000000000000000        1.8511455297501899E-049   2.2994251935631622E-050   1.2309161682428528E-050   1.1180497730432494E-050   1.3241643611705665E-050   1.7692343029538923E-050   2.4457287536532204E-050   3.4499772609634877E-050   4.8650881619767910E-050   6.9992614040957773E-050   1.0227963280022897E-049   1.5018769828824980E-049   2.2038707889307939E-049   3.2510169777558275E-049   4.8243830991436584E-049   7.1701616166207696E-049   1.0672727993969766E-048   1.5921254960762662E-048
   232995.18105153670        0.0000000000000000        0.0000000000000000        1.5418291537893811E-049   1.9327918757375699E-050   1.0424152197994232E-050   9.5520378958257569E-051   1.1271545750406399E-050   1.5273831624392355E-050   2.1104503410540246E-050   2.9795978944529581E-050   4.2608731912829359E-050   6.0835203294542074E-050   8.8393239341917826E-050   1.2970957359507760E-049   1.9189875567743188E-049   2.8504244911423707E-049   4.2172100190294500E-049   6.2473440471227181E-049   9.2701354702108045E-049   1.3791913142222078E-048
   339322.17718953232        0.0000000000000000        0.0000000000000000        1.2795350439061835E-049   1.6227418009951007E-050   8.8279341597490344E-051   8.1371653812502805E-051   9.5619204585425158E-051   1.2890708833765462E-050   1.8135085585625921E-050   2.5505011249880600E-050   3.6485430198201219E-050   5.2729407267368838E-050   7.6205622635196563E-050   1.1132898210898881E-049   1.6415438288266284E-049   2.4313090709095755E-049   3.6206540861998964E-049   5.3983803303354374E-049   8.0320571786054918E-049   1.1918902078351951E-048
   494171.33613238280        0.0000000000000000        0.0000000000000000        1.0619140281235024E-049   1.3617125011867957E-050   7.4706015846486178E-051   6.8167898152289620E-051   8.0854121831946361E-051   1.0840940140280751E-050   1.5404854465746710E-050   2.1743914052249181E-050   3.0972163557738507E-050   4.4754074381226299E-050   6.5446467759980406E-050   9.5214539514726817E-050   1.3995374352820330E-049   2.0672750155786681E-049   3.0723093240010711E-049   4.5719396605972095E-049   6.8118846254934218E-049   1.0172969192534657E-048
   719685.67300115142        0.0000000000000000        0.0000000000000000        8.8126106956893283E-050   1.1414815482771231E-050   6.3119013930476829E-051   5.7014111070861449E-051   6.7373047297973748E-051   9.0901561392881379E-051   1.2904126551094278E-050   1.8461555192992137E-050   2.6196092308984340E-050   3.7709734976233901E-050   5.5080812355215585E-050   8.1109604075020410E-050   1.1887571314444713E-049   1.7515362138486479E-049   2.5981763321283502E-049   3.8594341037857698E-049   5.7402296118449961E-049   8.5597994304361098E-049
   1048113.1341546853        0.0000000000000000        0.0000000000000000        7.3135273936755416E-050   9.5577227806389961E-051   5.3228212427660157E-051   4.7615419424954038E-051   5.6003662235383751E-051   7.6055294919123718E-051   1.0782544483514480E-050   1.5476762520088616E-050   2.2083862623989340E-050   3.1679362327112674E-050   4.6147693468157804E-050   6.7800543823258618E-050   1.0041243370872197E-049   1.4791419320610985E-049   2.1902800973546879E-049   3.2481039444848454E-049   4.8231251030970158E-049   7.1822762808473778E-049
   1526417.9671752304        0.0000000000000000        0.0000000000000000        6.0705547850534775E-050   7.9952079474270875E-051   4.4290666455722347E-051   3.9721671488787629E-051   4.6513980697270839E-051   6.3544803730555615E-051   8.9938216111631089E-051   1.2885835995630935E-050   1.8569054918381169E-050   2.6549839152986870E-050   3.8577562469594417E-050   5.6557270222675970E-050   8.3625339890263692E-050   1.2414121363542542E-049   1.8416961895360899E-049   2.7268940502827723E-049   4.0430099667102697E-049   6.0127678454382101E-049
   2222996.4825261910        0.0000000000000000        0.0000000000000000        5.0407766242033265E-050   6.6486947686790752E-051   3.6787529984763934E-051   3.3113769877989549E-051   3.8617892706279107E-051   5.3054099660663971E-051   7.4936397314840741E-051   1.0715113847016600E-050   1.5454125755624326E-050   2.2213519169191838E-050   3.2198461621289628E-050   4.7109019078294297E-050   6.9547591836506098E-050   1.0310553376394830E-049   1.5369928474212936E-049   2.2853150035506047E-049   3.3833987791023351E-049   5.0255641952793394E-049
   3237457.5428176401        0.0000000000000000        0.0000000000000000        4.1881408833471315E-050   5.5013068024159846E-051   3.0538596192164409E-051   2.7597883325932433E-051   3.2062599442933808E-051   4.3946746933431869E-051   6.2405064809328825E-051   8.9038207004565693E-051   1.2812975683364473E-050   1.8566853364704218E-050   2.6848690990645980E-050   3.9204220603756038E-050   5.7790755611526978E-050   8.5565194855393451E-050   1.2742609028033597E-049   1.8998036584861155E-049   2.8285462497940815E-049   4.1963544925821417E-049
   4714866.3634573901        0.0000000000000000        0.0000000000000000        3.4823896921787923E-050   4.5523906186553385E-051   2.5346346431051708E-051   2.3003438510164758E-051   2.6628534762705192E-051   3.6335653045517426E-051   5.1967204607966350E-051   7.3969862342162032E-051   1.0619948401435665E-050   1.5405564212095555E-050   2.2378717730900327E-050   3.2613301586405592E-050   4.8003663312020350E-050   7.0983663116134667E-050   1.0560731925705441E-049   1.5730463242200468E-049   2.3453980282091773E-049   3.5025192279077472E-049
   6866488.4500429993        0.0000000000000000        0.0000000000000000        2.8810930835267715E-050   3.7684015323969083E-051   2.1039605749880219E-051   1.9030037538820766E-051   2.2127808114003265E-051   3.0053823546618466E-051   4.3288726905747930E-051   6.1460192949860252E-051   8.8026905334818194E-051   1.2742992818402164E-050   1.8653674536330371E-050   2.7131245011817307E-050   3.9874932745716363E-050   5.8888010388996546E-050   8.7525302595980672E-050   1.3024935693294999E-049   1.9402664345084971E-049   2.8976999587008167E-049
   9999999.9999999795        0.0000000000000000        0.0000000000000000        2.3785500427044999E-050   3.1210477873657045E-051   1.7471481594364349E-051   1.5727022322980443E-051   1.8401501487451666E-051   2.4871559697426993E-051   3.5749594004400868E-051   5.1088082134083083E-051   7.2987669965791611E-051   1.0543391482479970E-050   1.5432983816504961E-050   2.2578738962079268E-050   3.3133649958488128E-050   4.8868596276631535E-050   7.2560372367054787E-050   1.0787689980571682E-049   1.6055310597285805E-049   2.3959001369273745E-049
