   0.00000000       100.00000000000000     
  0.10000000000000001        5.5548958760688011E-047
   1.0000000000000000        8.6937358836360388E-048
   10.000000000000000        1.6314041844116042E-048
   100.00000000000000        3.9754049292775088E-049
   1000.0000000000000        1.4975941345922726E-049
   10000.000000000000        9.3032822987922612E-050
   100000.00000000000        4.7501296107926454E-050
   1000000.0000000000        1.5658837511520475E-050
   10000000.000000000        4.8339542649329419E-051
