   0.00000000       5.0000000000000009        7.4594777891030546        11.128761777224360        16.602950259484825        24.769867738841974        36.954055647382404        55.131591463785448        82.250576400402196        122.70926955994489        183.06941415989363        273.12044575796682        407.46717977629612        607.89847546594820        906.92103515356939        1353.0314636396799        2018.5816301955592        3011.5129671870409        4492.8628180655114        6702.8820801693328        10000.000000000000     
  0.10000000000000001        0.0000000000000000        0.0000000000000000        0.0000000000000000        9.5091810368374980E-044   4.8453875577172736E-045   1.3205873158089034E-045   7.4434388210838057E-046   6.1618293202673803E-046   6.3631120347270578E-046   7.4742983961358154E-046   9.5837334801850806E-046   1.2923278493155396E-045   1.8066553964602302E-045   2.5724738322836420E-045   3.7306425937042367E-045   5.4726584778315764E-045   8.0779363856287536E-045   1.1913841811085644E-044   1.7642134607312305E-044   2.6192856985855214E-044
  0.14563484775012439        0.0000000000000000        0.0000000000000000        0.0000000000000000        6.8315089265508683E-044   3.5128898478767391E-045   9.5573797030850006E-046   5.4120172635283645E-046   4.4749386590398818E-046   4.6073817067187667E-046   5.4462696826181824E-046   6.9531082156906963E-046   9.3835818812724531E-046   1.3102367240447473E-045   1.8802348166405848E-045   2.7139464740107804E-045   3.9643708614377192E-045   5.8369050605488474E-045   8.6394156226471637E-045   1.2832964465796399E-044   1.9105809239784693E-044
  0.21209508879201910        0.0000000000000000        0.0000000000000000        0.0000000000000000        4.9042817447912910E-044   2.5215279365782280E-045   6.9168096580636394E-046   3.9098372462923710E-046   3.2452502848888561E-046   3.3567355292877357E-046   3.9501094895685498E-046   5.0668423032557468E-046   6.8433950096958295E-046   9.5583886150165338E-046   1.3620000919092661E-045   1.9762251244955458E-045   2.9002062838409405E-045   4.2743359681513524E-045   6.3056806066503159E-045   9.3396907080742267E-045   1.3869249222028928E-044
  0.30888435964774813        0.0000000000000000        0.0000000000000000        0.0000000000000000        3.5505707512766280E-044   1.8319370514039330E-045   5.0199308342761762E-046   2.8610499334096902E-046   2.3718820286951084E-046   2.4462788980475513E-046   2.8960431851968591E-046   3.6993648465180975E-046   4.9933183205841268E-046   6.9759915469245619E-046   1.0014561866308948E-045   1.4450012606421964E-045   2.1110959110496921E-045   3.1086021271298486E-045   4.6016112584714613E-045   6.8358697786036076E-045   1.0178103038032903E-044
  0.44984326689694454        0.0000000000000000        0.0000000000000000        0.0000000000000000        2.5518538433590369E-044   1.3243075448999378E-045   3.6570059164627646E-046   2.0755468548867886E-046   1.7285631412059450E-046   1.7922210235239981E-046   2.1120589641906831E-046   2.7119738483567468E-046   3.6632512974286579E-046   5.1208110420562882E-046   7.2959325776399687E-046   1.0585292543519212E-045   1.5533715758268673E-045   2.2914330958278206E-045   3.3799144432748442E-045   5.0055929605950901E-045   7.4323753017894018E-045
  0.65512855685955085        0.0000000000000000        0.0000000000000000        0.0000000000000000        1.8567575939652946E-044   9.6549316621306071E-046   2.6660794070444717E-046   1.5276101774066062E-046   1.2706732856095801E-046   1.3137696501395832E-046   1.5571285538306341E-046   1.9914432759871710E-046   2.6922713584145297E-046   3.7588577687153918E-046   5.3938470637983110E-046   7.7983038123693493E-046   1.1388203188162987E-045   1.6763293058082079E-045   2.4807298554276580E-045   3.6843465674582094E-045   5.4845129474619517E-045
  0.95409547634999403        0.0000000000000000        0.0000000000000000        0.0000000000000000        1.3402514830903240E-044   7.0249971379973963E-046   1.9537972921206965E-046   1.1150841432106409E-046   9.3272396999158501E-047   9.7037165504311619E-047   1.1447226603406836E-046   1.4726529165290238E-046   1.9858457806145319E-046   2.7841976170017662E-046   3.9622709600295511E-046   5.7439131979933313E-046   8.4240387001488207E-046   1.2442474681762217E-045   1.8388949078920454E-045   2.7218812347370763E-045   4.0394689889942028E-045
   1.3894954943731375        0.0000000000000000        0.0000000000000000        0.0000000000000000        9.7869159939219623E-045   5.1492226354451225E-046   1.4339030567113334E-046   8.2502408641937820E-047   6.8925308522115510E-047   7.1512115782786167E-047   8.4827560319798433E-047   1.0870913674009086E-046   1.4746542486192780E-046   2.0545042933842081E-046   2.9439904505820003E-046   4.2774550549250505E-046   6.2393574898185758E-046   9.1756615655978398E-046   1.3568207586486280E-045   2.0138188051833273E-045   2.9959858063294952E-045
   2.0235896477251565        0.0000000000000000        0.0000000000000000        0.0000000000000000        7.1108190606905371E-045   3.7685476268165494E-046   1.0564666057631755E-046   6.0758685756201544E-047   5.1115910977137955E-047   5.3420559757896547E-047   6.3074993570582261E-047   8.1328508184065102E-047   1.0931753112574844E-046   1.5365745584449900E-046   2.1882527072781209E-046   3.1665831974108059E-046   4.6380612687618845E-046   6.8432564080097147E-046   1.0146987661789790E-045   1.5066369901143019E-045   2.2337166658591771E-045
   2.9470517025518101        0.0000000000000000        0.0000000000000000        0.0000000000000000        5.2213180787552537E-045   2.7839692584029905E-046   7.8275406959141009E-047   4.5169995793490254E-047   3.7955639691049521E-047   3.9574548662639159E-047   4.6963463638454473E-047   6.0377227537894809E-047   8.2090982929649977E-047   1.1430835647314250E-046   1.6335459412311537E-046   2.3751323942434165E-046   3.4855026105164485E-046   5.1170559967705605E-046   7.5559950818750472E-046   1.1201305944419820E-045   1.6646197124769511E-045
   4.2919342601287758        0.0000000000000000        0.0000000000000000        0.0000000000000000        3.8160140126364116E-045   2.0482531067400034E-046   5.7953529835329252E-047   3.3683791774290771E-047   2.8542098159431313E-047   2.9693563658956051E-047   3.5403010512293977E-047   4.5370373455254246E-047   6.1360826585750065E-047   8.5874321064905804E-047   1.2342963748179581E-046   1.7812953307887196E-046   2.6031541738808912E-046   3.8338361087325615E-046   5.6761263473657838E-046   8.4337807324391673E-046   1.2559126018480437E-045
   6.2505519252739701        0.0000000000000000        0.0000000000000000        0.0000000000000000        2.8246076078621007E-045   1.5277251456080171E-046   4.3466049613742231E-047   2.5153651606706404E-047   2.1304010135326622E-047   2.2369386938865007E-047   2.6546280957016672E-047   3.4294016783269956E-047   4.6279982310561683E-047   6.5089054853564093E-047   9.2599046705976369E-047   1.3420250416113763E-046   1.9679952251045492E-046   2.9063813781969380E-046   4.3080638582129871E-046   6.3739127812094306E-046   9.4553954484468332E-046
   9.1029817799152166        0.0000000000000000        0.0000000000000000        0.0000000000000000        2.0753572095257760E-045   1.1310595923752405E-046   3.2365814946603844E-047   1.9010100150073172E-047   1.6087113235523007E-047   1.6857348400032072E-047   2.0097277508408544E-047   2.5885173115900415E-047   3.5291723656246446E-047   4.9120028349139580E-047   7.0269351493451590E-047   1.0224480696552937E-046   1.4989543813074860E-046   2.2011691195772903E-046   3.2510382747122897E-046   4.8205913799738652E-046   7.1652109673245421E-046
   13.257113655901083        0.0000000000000000        0.0000000000000000        0.0000000000000000        1.5461316707308013E-045   8.4721204670220531E-047   2.4373715315980762E-047   1.4319304191842092E-047   1.2264107647328050E-047   1.2846082969107998E-047   1.5377409846945001E-047   1.9756100922566121E-047   2.6783270845414890E-047   3.7485494402266614E-047   5.3882734589874663E-047   7.7926546918140354E-047   1.1384310146084208E-046   1.6761503120879976E-046   2.4810170104814100E-046   3.6857858107715873E-046   5.4877567447649669E-046
   19.306977288832499        0.0000000000000000        0.0000000000000000        0.0000000000000000        1.1471382011166185E-045   6.3724558368147138E-047   1.8502447457365760E-047   1.0865878725756781E-047   9.3013893516983141E-048   9.8510522136987777E-048   1.1739073089038841E-047   1.5227237728601309E-047   2.0517054997761880E-047   2.8891774946332716E-047   4.1212686814357002E-047   5.9647940706816501E-047   8.7386719548537302E-047   1.2895237098121911E-046   1.9123073708404399E-046   2.8447301221778771E-046   4.2160246180798310E-046
   28.117686979742281        0.0000000000000000        0.0000000000000000        0.0000000000000000        8.5827798601968804E-046   4.7926122465023771E-047   1.3990388348589886E-047   8.3308628443385031E-048   7.1300049179036976E-048   7.5423660801817132E-048   9.0247444014895059E-048   1.1687752360894164E-047   1.5870797059898634E-047   2.2265935281012368E-047   3.1759103415389326E-047   4.6112500831661244E-047   6.7719473063931848E-047   1.0012165325988723E-046   1.4767094546268013E-046   2.1864383917200563E-046   3.2454992983536227E-046
   40.949150623804236        0.0000000000000000        0.0000000000000000        9.1883709014425865E-043   6.4722882772634086E-046   3.6449236981334564E-047   1.0692911937843409E-047   6.4041998667323632E-048   5.5177220510811021E-048   5.8326586986804405E-048   7.0046709124480920E-048   9.0563565226135789E-048   1.2384972920237955E-047   1.7256622629513994E-047   2.4706939846796273E-047   3.5969395835983584E-047   5.2787861496854055E-047   7.7507715572584030E-047   1.1446502584341886E-046   1.6972773380371025E-046   2.5227034261646505E-046
   59.636233165946436        0.0000000000000000        0.0000000000000000        6.8676510875846322E-043   4.8622095896220074E-046   2.7845057812750825E-047   8.2507249052371645E-048   4.9330484279224090E-048   4.2994089962131869E-048   4.5514115260837592E-048   5.4841831325405349E-048   7.0820221199193942E-048   9.6580318007690597E-048   1.3499431978738357E-047   1.9387839685392510E-047   2.8223832970529983E-047   4.1178391042313981E-047   6.0561828307484836E-047   8.9561567808299350E-047   1.3296054066395275E-046   1.9783353591443199E-046
   86.851137375135210        0.0000000000000000        0.0000000000000000        5.1526834669474417E-043   3.6941269403061998E-046   2.1261449694767698E-047   6.3698218014701607E-048   3.8355213599864290E-048   3.3473345390500574E-048   3.5810958560083589E-048   4.3280491461596387E-048   5.5853208081188955E-048   7.5925764048833507E-048   1.0652157304656113E-047   1.5336768694512946E-047   2.2188064399359898E-047   3.2425397213378957E-047   4.7750468967335055E-047   7.0691121353681002E-047   1.0504513951183762E-046   1.5642870993808043E-046
   126.48552168552959        0.0000000000000000        0.0000000000000000        3.8677640112426623E-043   2.8304133266431089E-046   1.6393071471026446E-047   4.9384747256663520E-048   3.0075499407572214E-048   2.6300986549926023E-048   2.8364089334023025E-048   3.4179511865968290E-048   4.4403835644867375E-048   6.0234531119313713E-048   8.4748907248559944E-048   1.2189323447094266E-047   1.7607968413315203E-047   2.5763054956472437E-047   3.7975129126391318E-047   5.6263005217691336E-047   8.3663372370727534E-047   1.2466392626154663E-046
   184.20699693267147        0.0000000000000000        0.0000000000000000        2.9364744871951907E-043   2.1586278474701963E-046   1.2748603013747786E-047   3.8620829193418233E-048   2.3766398757502018E-048   2.0843292585407087E-048   2.2530375693834911E-048   2.7248067452973727E-048   3.5575826964770994E-048   4.8212480297750637E-048   6.7969103102283559E-048   9.7533563276099423E-048   1.4102964070509660E-047   2.0650403016624828E-047   3.0456831974009417E-047   4.5145530544867715E-047   6.7161259096900121E-047   1.0011276923056363E-046
   268.26957952797250        0.0000000000000000        0.0000000000000000        2.2338988519450644E-043   1.6622474236901513E-046   9.9865119941357148E-048   3.0439098667833302E-048   1.8914817783003585E-048   1.6652515294503904E-048   1.8062938764714813E-048   2.1925474722155777E-048   2.8721839759805971E-048   3.8934410899779879E-048   5.4949949606756054E-048   7.8821806759806840E-048   1.1401448799228305E-047   1.6699672455674907E-047   2.4635186758612532E-047   3.6522093974930479E-047   5.4342159925506808E-047   8.0980013889555512E-047
   390.69399370546131        0.0000000000000000        0.0000000000000000        1.7021197655658218E-043   1.2908143243055851E-046   7.8035390906713643E-048   2.4158023346539658E-048   1.5135404385705895E-048   1.3407287260591751E-048   1.4613847635873499E-048   1.7808420038585981E-048   2.3367745932221097E-048   3.1729040142139017E-048   4.4789589673730684E-048   6.4359577173515877E-048   9.3067025424224109E-048   1.3628858637211191E-047   2.0101299691453449E-047   2.9795186000618993E-047   4.4328364001439166E-047   6.6078611809038041E-047
   568.98660290182931        0.0000000000000000        0.0000000000000000        1.3092944374111295E-043   1.0096814769092415E-046   6.1429881375681095E-048   1.9290246546632873E-048   1.2166734123041421E-048   1.0873327545048790E-048   1.1929891165751522E-048   1.4601943951049582E-048   1.9161192400175568E-048   2.6101641345570154E-048   3.6818200141676679E-048   5.3122832262233009E-048   7.6739751859041535E-048   1.1229698264549140E-047   1.6552302974362500E-047   2.4521121168370742E-047   3.6466710207844754E-047   5.4337519917600887E-047
   828.64277285468438        0.0000000000000000        0.0000000000000000        1.0154330770714781E-043   7.8914959552185864E-047   4.8659783407913785E-048   1.5482763886421521E-048   9.8480771014720354E-049   8.8772056720637103E-049   9.8234236011744068E-049   1.2086257046897293E-048   1.5836053614490570E-048   2.1680911657484018E-048   3.0529850956513648E-048   4.4048429998808772E-048   6.3947274291118812E-048   9.3455601756644820E-048   1.3759867121342940E-047   2.0364727844071541E-047   3.0262924623153265E-047   4.5061202989014539E-047
   1206.7926406393290        0.0000000000000000        0.0000000000000000        7.8721370732832945E-044   6.1890873004239916E-047   3.8739285182008516E-048   1.2477492531227845E-048   8.0162396948794642E-049   7.2888053565490166E-049   8.1411600883355470E-049   1.0067544382500222E-048   1.3187587335029730E-048   1.8181816475859663E-048   2.5534482272262866E-048   3.6768018145595388E-048   5.3716918799227355E-048   7.8558378687582008E-048   1.1547934907287541E-047   1.7067265472942575E-047   2.5335066648532007E-047   3.7684271350120840E-047
   1757.5106248547895        0.0000000000000000        0.0000000000000000        6.1197370484030333E-044   4.8811387326316914E-047   3.0962738120962008E-048   1.0084974677009173E-048   6.5512221518368076E-049   6.0098499030649516E-049   6.7433792750215775E-049   8.3840278999599678E-049   1.1055306419033628E-048   1.5328000489799190E-048   2.1524222636712643E-048   3.0912504521386504E-048   4.5067356707727898E-048   6.6403461828256308E-048   9.7769571543506630E-048   1.4423702380864626E-047   2.1380532820594015E-047   3.1758899462231249E-047
   2559.5479226995335        0.0000000000000000        0.0000000000000000        4.7900042390437591E-044   3.8678741702955686E-047   2.4821632761957989E-048   8.1662577617465669E-049   5.3574444711801049E-049   4.9667075576977883E-049   5.6001944736390496E-049   7.0065044501013700E-049   9.3121897366330787E-049   1.2868288068506439E-048   1.8251752330731699E-048   2.6131807832542672E-048   3.8001930072740103E-048   5.5889965635768267E-048   8.2689153005117180E-048   1.2267945006275299E-047   1.8154531647337763E-047   2.6923371911591843E-047
   3727.5937203149379        0.0000000000000000        0.0000000000000000        3.7719829649011784E-044   3.0776570689615584E-047   1.9945921919958216E-048   6.6194802843826486E-049   4.3773635601813351E-049   4.1057994347227208E-049   4.6531735520491786E-049   5.8619523204219615E-049   7.8595681270823225E-049   1.0823442600276184E-048   1.5426477525032428E-048   2.2147617067148573E-048   3.2119503143706889E-048   4.7143604247872812E-048   6.9627478785123834E-048   1.0328651794323866E-047   1.5384171216074555E-047   2.2887659575083579E-047
   5428.6754393238598        0.0000000000000000        0.0000000000000000        2.9865381063746802E-044   2.4581008680056448E-047   1.6061485646098292E-048   5.3691915173422637E-049   3.5750529440921917E-049   3.3897591102849751E-049   3.8607960950535332E-049   4.8978870443931299E-049   6.6122658860278138E-049   9.0943646277527402E-049   1.2927938949425638E-048   1.8748369795769314E-048   2.7120114736861565E-048   3.9725088190677324E-048   5.8568158950770948E-048   8.6743507149986083E-048   1.2904901010013993E-047   1.9228581929220633E-047
   7906.0432109076855        0.0000000000000000        0.0000000000000000        2.3763171366638706E-044   1.9701719141522781E-047   1.2960169455455045E-048   4.3579458846181967E-049   2.9180988620886737E-049   2.7930566468892725E-049   3.1950474890901238E-049   4.0796935074149108E-049   5.4968113413639537E-049   7.6152277772457289E-049   1.0798587625860927E-048   1.5629090831828694E-048   2.2806561671478586E-048   3.3342425109490707E-048   4.9077262524577254E-048   7.2577819636375863E-048   1.0785766418585623E-047   1.6053939972776728E-047
   11513.953993264458        0.0000000000000000        0.0000000000000000        1.8992077862432636E-044   1.5843418195526277E-047   1.0480146986603780E-048   3.5404125887833271E-049   2.3812380671529569E-049   2.2973510043965109E-049   2.6368634672945229E-049   3.3856558829534709E-049   4.5531120168617363E-049   6.3470850470908642E-049   8.9794308033510585E-049   1.2972201513457512E-048   1.8971170787972522E-048   2.7830252414863014E-048   4.0903334542895636E-048   6.0407642533752181E-048   8.9687006259856387E-048   1.3337108617165073E-047
   16768.329368110066        0.0000000000000000        0.0000000000000000        1.5239747749940949E-044   1.2780547376952534E-047   8.4937594794438698E-049   2.8798496127942601E-049   1.9437049184694359E-049   1.8836047568198707E-049   2.1717268756733254E-049   2.8008491307344844E-049   3.7589937087310417E-049   5.2666995196753286E-049   7.4339929169949309E-049   1.0720823224268132E-048   1.5656088734528630E-048   2.3101003156423853E-048   3.3907714145786694E-048   5.0015303235249468E-048   7.4197494032254884E-048   1.1025196323747771E-047
   24420.530945486498        0.0000000000000000        0.0000000000000000        1.2249613841254331E-044   1.0339872478777291E-047   6.8998044551608167E-049   2.3461828924932715E-049   1.5879429608095583E-049   1.5417625440467614E-049   1.7869092129820475E-049   2.3118037504583847E-049   3.0962095828095514E-049   4.3477085062783115E-049   6.1340775082104200E-049   8.8308454755031858E-049   1.2878379340414155E-048   1.8984904500032381E-048   2.7990226406041810E-048   4.1240736596476351E-048   6.1136798786577819E-048   9.0784653228493053E-048
   35564.803062231287        0.0000000000000000        0.0000000000000000        9.8788772154806168E-045   8.3878853183507109E-048   5.6181052422453368E-049   1.9148606504063833E-049   1.2990912694828496E-049   1.2627939949760705E-049   1.4705258807636426E-049   1.8974970239685821E-049   2.5475029241956806E-049   3.5700775693158317E-049   5.0519093084618224E-049   7.2597741123217498E-049   1.0572623037391143E-048   1.5571592728342125E-048   2.3046054413428569E-048   3.3919687006216168E-048   5.0250179503988981E-048   7.4573720548701106E-048
   51794.746792312020        0.0000000000000000        0.0000000000000000        7.9988388499915075E-045   6.8213597258973522E-048   4.5852733270637563E-049   1.5659838426494682E-049   1.0647243395953533E-049   1.0356168148703905E-049   1.2115990783948773E-049   1.5579591782658751E-049   2.0961701906474456E-049   2.9306945170742435E-049   4.1586177204491187E-049   5.9643474333868887E-049   8.6733859224924808E-049   1.2762118050328560E-048   1.8889081457312493E-048   2.7871022265357591E-048   4.1261652081247939E-048   6.1197991685938816E-048
   75431.200633546076        0.0000000000000000        0.0000000000000000        6.5002349336791857E-045   5.5601800571560706E-048   3.7512533729451902E-049   1.2835340640461571E-049   8.7460248786977316E-050   8.5085488874412816E-050   1.0002398262902317E-049   1.2805917463296561E-049   1.7266309186855347E-049   2.4073043523927149E-049   3.4257062950845743E-049   4.9023931558935097E-049   7.1176339752776862E-049   1.0461931106020712E-048   1.5473235354845710E-048   2.2908535155522520E-048   3.3890552788860778E-048   5.0233805108005622E-048
   109854.11419875573        0.0000000000000000        0.0000000000000000        5.3001205180246684E-045   4.5418924040043717E-048   3.0765064783265878E-049   1.0546754110662763E-049   7.2038561888086194E-050   7.0072070911757711E-050   8.2277904141362027E-050   1.0545063207165635E-049   1.4250021573983463E-049   1.9801294659737992E-049   2.8268184895354825E-049   4.0351682362987796E-049   5.8478613210725723E-049   8.5852350981728279E-049   1.2686968641388475E-048   1.8818625319538567E-048   2.7872571538598596E-048   4.1284667954981771E-048
   159985.87196060573        0.0000000000000000        0.0000000000000000        4.3330511424345032E-045   3.7175762070097440E-048   2.5297465803248480E-049   8.6914429017527516E-050   5.9533428952307440E-050   5.7883281616435978E-050   6.7849811234044183E-050   8.7052695341404689E-050   1.1793584412019319E-049   1.6321821693182690E-049   2.3295278594466662E-049   3.3287276187358570E-049   4.8138796781903049E-049   7.0573759229643101E-049   1.0418911553616488E-048   1.5441094479301562E-048   2.2972891725175908E-048   3.3999559671230352E-048
   232995.18105153670        0.0000000000000000        0.0000000000000000        3.5416565651343720E-045   3.0487211606260397E-048   2.0861444596132348E-049   7.1873434944679178E-050   4.9402689672287870E-050   4.8000685795349847E-050   5.6135197599182418E-050   7.2105310348060423E-050   9.7970926850130388E-050   1.3492112132444220E-049   1.9195367789667940E-049   2.7542690018444235E-049   3.9731912926824012E-049   5.8152404154468575E-049   8.5750662577044640E-049   1.2695440366526513E-048   1.8909282137246548E-048   2.8078958252286942E-048
   339322.17718953232        0.0000000000000000        0.0000000000000000        2.9000269603011491E-045   2.5048621538165632E-048   1.7259110277319746E-049   5.9687079536253162E-050   4.1210830029926587E-050   4.0004965845842985E-050   4.6641362722717197E-050   5.9985242008182135E-050   8.1560716805845451E-050   1.1194287036556234E-049   1.5864073213303407E-049   2.2878187894783205E-049   3.2904587578650806E-049   4.8063932336224700E-049   7.0774048721024902E-049   1.0465185445168402E-048   1.5575121457677277E-048   2.3217231839379674E-048
   494171.33613238280        0.0000000000000000        0.0000000000000000        2.3787211883124975E-045   2.0617823383412876E-048   1.4331786852943196E-049   4.9826058354277855E-050   3.4607276626767829E-050   3.3557027759783613E-050   3.8967340750263650E-050   5.0183247968981189E-050   6.7716819389805239E-050   9.3314225151041450E-050   1.3160119603195259E-049   1.8977887837249366E-049   2.7365467464039973E-049   3.9876289141115894E-049   5.8616704614362645E-049   8.6544695165155958E-049   1.2867825787237593E-048   1.9165022907074458E-048
   719685.67300115142        0.0000000000000000        0.0000000000000000        1.9543557835396483E-045   1.7001422573615924E-048   1.1951156570953846E-049   4.1860324006194648E-050   2.9029442382578066E-050   2.8381106400796374E-050   3.2785354590211688E-050   4.2281680532091925E-050   5.6505378649340095E-050   7.8236743551021664E-050   1.0967192496717376E-049   1.5752737425428304E-049   2.2874374180569931E-049   3.3233683110378589E-049   4.8749894984044544E-049   7.1844783499201407E-049   1.0669580491615546E-048   1.5874184472535524E-048
   1048113.1341546853        0.0000000000000000        0.0000000000000000        1.6082681253928049E-045   1.4044314422876427E-048   1.0008209116579062E-049   3.5326887434223139E-050   2.4398188951246849E-050   2.3859017602464202E-050   2.7824052113309300E-050   3.5656583041382384E-050   4.7435945200248373E-050   6.5961874427396502E-050   9.1888484457001219E-050   1.3133596748701037E-049   1.9067278116616772E-049   2.7841440770304453E-049   4.0736402790579811E-049   5.9901373657164516E-049   8.8831906629076813E-049   1.3199417371989119E-048
   1526417.9671752304        0.0000000000000000        0.0000000000000000        1.3255045435994841E-045   1.1621676559409817E-048   8.3210736898717832E-050   2.9645916388853791E-050   2.0668072681513552E-050   2.0191822348866977E-050   2.3598366759672314E-050   3.0029161997270057E-050   4.0095844225991966E-050   5.5223805362400292E-050   7.7442403851213239E-050   1.1002498054268523E-049   1.5906697317255221E-049   2.3336096557884038E-049   3.4211978057045799E-049   5.0173747127365971E-049   7.4280128889519735E-049   1.1020317248859454E-048
   2222996.4825261910        0.0000000000000000        0.0000000000000000        1.0940522499583508E-045   9.6328701521136635E-049   6.9387779561125912E-050   2.5019752014343226E-050   1.7657621439717723E-050   1.7234983119936422E-050   2.0000691454704888E-050   2.5464426701067751E-050   3.4132906773161595E-050   4.6465964375602555E-050   6.5650443099679727E-050   9.2606862898707429E-050   1.3322479625349177E-049   1.9481203032092933E-049   2.8741420543477015E-049   4.2211704940371882E-049   6.2370387775453418E-049   9.2370090379937486E-049
   3237457.5428176401        0.0000000000000000        0.0000000000000000        9.0425089449036457E-046   7.9967643702246693E-049   5.8003763034810394E-050   2.1224066197714531E-050   1.5205947686738530E-050   1.4834264831266814E-050   1.7067936081641799E-050   2.1733766271754385E-050   2.8985825474251230E-050   3.9271618298315933E-050   5.5062603629737241E-050   7.8261678699240778E-050   1.1195483443613966E-049   1.6310399991210468E-049   2.4001714835471938E-049   3.5466245259055907E-049   5.2551948806862638E-049   7.7675381859010630E-049
   4714866.3634573901        0.0000000000000000        0.0000000000000000        7.4833108353772118E-046   6.6248048536210086E-049   4.8571313218561663E-050   1.8074187643042857E-050   1.2891724406371074E-050   1.2675962892579553E-050   1.4646996533421307E-050   1.8645157166846996E-050   2.4460287200670833E-050   3.3300350850786843E-050   4.6257137229005344E-050   6.6147930888112712E-050   9.4299889613077443E-050   1.3683015367104599E-049   2.0079421042308427E-049   2.9598191653365530E-049   4.4015307112256932E-049   6.5464535442651464E-049
   6866488.4500429993        0.0000000000000000        0.0000000000000000        6.2004115807635378E-046   5.4666336095182737E-049   4.0710885783055059E-050   1.5348501183608015E-050   1.0959430177553401E-050   1.0774643951012298E-050   1.2516733288246080E-050   1.5753727084945050E-050   2.0678497863926518E-050   2.8286735777820815E-050   3.8906101158152408E-050   5.5292558606730468E-050   7.9520626490612303E-050   1.1490066833246192E-049   1.6812526187463146E-049   2.4719808675932972E-049   3.6702801221122515E-049   5.4602075690948335E-049
   9999999.9999999795        0.0000000000000000        0.0000000000000000        5.1434045500632363E-046   4.5145856790202186E-049   3.4132727310273004E-050   1.2879450914136725E-050   9.3251023230453896E-051   9.1681313753533527E-051   1.0571245632833775E-050   1.3295468195297617E-050   1.7488171592563274E-050   2.3715465045811076E-050   3.2727788409905524E-050   4.6221458009761720E-050   6.6635956373678951E-050   9.6496675604467175E-050   1.4078399580340325E-049   2.0646972421564672E-049   3.0606984187827660E-049   4.5468090541860506E-049
