   0.00000000       100.00000000000000        5000.0000000000000     
  0.10000000000000001        6.0708690161262085E-047   2.3159178079704769E-045
  0.14563484775012439        4.4735114304225642E-047   1.6921894706656792E-045
  0.21209508879201910        3.2947780824889730E-047   1.2540127331675549E-045
  0.30888435964774813        2.4402729885675021E-047   9.2510969451352465E-046
  0.44984326689694454        1.8187572364252440E-047   6.8884694639550760E-046
  0.65512855685955085        1.3534032544705935E-047   5.1513041652629887E-046
  0.95409547634999403        1.0198096506266457E-047   3.8527953730491419E-046
   1.3894954943731375        7.6675893957571847E-048   2.9162154811812208E-046
   2.0235896477251565        5.8007941767809786E-048   2.2063430138362641E-046
   2.9470517025518101        4.4354028180907413E-048   1.6764859697274403E-046
   4.2919342601287758        3.3952208436640680E-048   1.2868962872633899E-046
   6.2505519252739701        2.6057953740904604E-048   9.9562532539535010E-047
   9.1029817799152166        2.0182618780882957E-048   7.6719097404801571E-047
   13.257113655901083        1.5758237918384758E-048   5.9638410735993462E-047
   19.306977288832499        1.2391324142229660E-048   4.6721449490399798E-047
   28.117686979742281        9.7347690201913405E-049   3.6854043896695335E-047
   40.949150623804236        7.6889723788382165E-049   2.9248072718478092E-047
   59.636233165946436        6.1124923220563219E-049   2.3338282563735472E-047
   86.851137375135210        4.8879147459196271E-049   1.8704551405418522E-047
   126.48552168552959        3.9300724829178250E-049   1.5023167558266981E-047
   184.20699693267147        3.1764658309713898E-049   1.2137277194394119E-047
   268.26957952797250        2.5807469404433248E-049   9.8634834649299142E-048
   390.69399370546131        2.1082307369613933E-049   8.0654686851648061E-048
   568.98660290182931        1.7327688616674903E-049   6.6221186553790197E-048
   828.64277285468438        1.4345575757893411E-049   5.4581070293235317E-048
   1206.7926406393290        1.1986020937540547E-049   4.5301961317530776E-048
   1757.5106248547895        1.0093131365857069E-049   3.7946345061222893E-048
   2559.5479226995335        8.5174896945842129E-050   3.2183398626060814E-048
   3727.5937203149379        7.2989008941694683E-050   2.7772629228100797E-048
   5428.6754393238598        6.3919699406836640E-050   2.4075186019456043E-048
   7906.0432109076855        5.6267781245581425E-050   2.1175533699598631E-048
   11513.953993264458        5.0498852830901457E-050   1.9064184113265697E-048
   16768.329368110066        4.5851125255886881E-050   1.7169738012549495E-048
   24420.530945486498        4.2363554301929020E-050   1.5777791197220564E-048
   35564.803062231287        3.8930741077125112E-050   1.4557631840943562E-048
   51794.746792312020        3.6263926353038036E-050   1.3411740209178172E-048
   75431.200633546076        3.3496936201810880E-050   1.2484290428805192E-048
   109854.11419875573        3.0623625912109156E-050   1.1393881814027075E-048
   159985.87196060573        2.7935038065988490E-050   1.0407484962609675E-048
   232995.18105153670        2.4785520444166267E-050   9.3630176557264069E-049
   339322.17718953232        2.1848389344110867E-050   8.3537304408342692E-049
   494171.33613238280        1.9033068179724416E-050   7.2954466805574310E-049
   719685.67300115142        1.6206409544923011E-050   6.3526393640207639E-049
   1048113.1341546853        1.3734232213198781E-050   5.4477938546210720E-049
   1526417.9671752304        1.1589990401403644E-050   4.5995966152966596E-049
   2222996.4825261910        9.7481581909634369E-051   3.8692434165611866E-049
   3237457.5428176401        8.1569429206323048E-051   3.2452571102244280E-049
   4714866.3634573901        6.7606903529184191E-051   2.7161600410958934E-049
   6866488.4500429993        5.6007741296841560E-051   2.2703495378775879E-049
   9999999.9999999795        4.6395600822461996E-051   1.8888166954935392E-049
