   0.00000000       5.0000000000000009        7.4594777891030546        11.128761777224360        16.602950259484825        24.769867738841974        36.954055647382404        55.131591463785448        82.250576400402196        122.70926955994489        183.06941415989363        273.12044575796682        407.46717977629612        607.89847546594820        906.92103515356939        1353.0314636396799        2018.5816301955592        3011.5129671870409        4492.8628180655114        6702.8820801693328        10000.000000000000     
  0.10000000000000001        0.0000000000000000        0.0000000000000000        2.5805386318703860E-045   2.1062680970260140E-046   7.5015496637078205E-047   5.0423845221669115E-047   4.7309915995403728E-047   5.4419796752002019E-047   6.9740949252246667E-047   9.5688290174541419E-047   1.3550273974127982E-046   1.9653363821988589E-046   2.8872775755539521E-046   4.2573084427918988E-046   6.2892272135560622E-046   9.3250112625517535E-046   1.3858047122121611E-045   2.0628013570735687E-045   3.0742642729078256E-045   4.5857460796110515E-045
  0.14563484775012439        0.0000000000000000        0.0000000000000000        1.8798168247220645E-045   1.5404979862936649E-046   5.4994588826808519E-047   3.6979692900141293E-047   3.4958587261459586E-047   3.9849672475759089E-047   5.1356133695183287E-047   7.0230908531305674E-047   1.0022787176536712E-046   1.4450206818955703E-046   2.1127276054870696E-046   3.1149076108173281E-046   4.6159404264696227E-046   6.8626979318293489E-046   1.0223996305942959E-045   1.5253618211912778E-045   2.2692908958383144E-045   3.3760643740405403E-045
  0.21209508879201910        0.0000000000000000        0.0000000000000000        1.3567581184308134E-045   1.1195117303950034E-046   4.0246393389231570E-047   2.7238081809759371E-047   2.5614915698104923E-047   2.9464039642762302E-047   3.7798108628210621E-047   5.1973633466917648E-047   7.3488525529150258E-047   1.0648669156290095E-046   1.5633592116243678E-046   2.3124347055405201E-046   3.4149020171070274E-046   5.0606062542914643E-046   7.5171520509286111E-046   1.1184761806840515E-045   1.6662729900407669E-045   2.4846320404874418E-045
  0.30888435964774813        0.0000000000000000        0.0000000000000000        9.9304944938787547E-046   8.2348927365911091E-047   2.9664774107828758E-047   2.0081713426155056E-047   1.9040058040102810E-047   2.1786989912041686E-047   2.8127183503426135E-047   3.8346710541197990E-047   5.4627940794835115E-047   7.9103684671552313E-047   1.1551304081717872E-046   1.7014765779614002E-046   2.5195093016179948E-046   3.7435257902964557E-046   5.5739921394872001E-046   8.3119075035813946E-046   1.2408706808228160E-045   1.8483049639002800E-045
  0.44984326689694454        0.0000000000000000        0.0000000000000000        7.2079159791111211E-046   6.0231726427734891E-047   2.1901125564933311E-047   1.4952311011600831E-047   1.4087986666964505E-047   1.6187281814219846E-047   2.0805664873266973E-047   2.8677778490249223E-047   4.0508322518023064E-047   5.8583608377475062E-047   8.5890129001708611E-047   1.2691086034055168E-046   1.8841882390135671E-046   2.7937684334468528E-046   4.1460098541587418E-046   6.1635345621563371E-046   9.1750101014624660E-046   1.3671017515606737E-045
  0.65512855685955085        0.0000000000000000        0.0000000000000000        5.3069434896342841E-046   4.4533140612560254E-047   1.6221661382167931E-047   1.1076928430029696E-047   1.0519685314583141E-047   1.2136326844559424E-047   1.5595036580681931E-047   2.1304103225711797E-047   3.0250105386744797E-047   4.3957772934615455E-047   6.4341952071503593E-047   9.4614102920600465E-047   1.3991175921552486E-046   2.0764522363846641E-046   3.0886091820185692E-046   4.6014216866042085E-046   6.8634977847795377E-046   1.0246540018932148E-045
  0.95409547634999403        0.0000000000000000        0.0000000000000000        3.8744889845068912E-046   3.2871950674923421E-047   1.2125594567401151E-047   8.3132938016269315E-048   7.9026055511405535E-048   9.0577240994475607E-048   1.1678398050224037E-047   1.6001114753390980E-047   2.2792814648175802E-047   3.2854793100226531E-047   4.8056447860811243E-047   7.0881048874264237E-047   1.0508179948715926E-046   1.5629888495884767E-046   2.3295290905560258E-046   3.4667852398217939E-046   5.1536936031815625E-046   7.6694181119866407E-046
   1.3894954943731375        0.0000000000000000        0.0000000000000000        2.8706187989795911E-046   2.4416387412672232E-047   9.0207907287393562E-048   6.2314691665625284E-048   5.9260550461792123E-048   6.8430597661247327E-048   8.7903027051202895E-048   1.2103461616483287E-047   1.7094079848847445E-047   2.4754634791515870E-047   3.6330235190098005E-047   5.3726902235685524E-047   7.9436503646958646E-047   1.1767230171685837E-046   1.7473790032134257E-046   2.5992695110896635E-046   3.8716155418357556E-046   5.7722780434100194E-046
   2.0235896477251565        0.0000000000000000        0.0000000000000000        2.1114682098490298E-046   1.8255320991923668E-047   6.7949162201189321E-048   4.6952434172884338E-048   4.4958113814909613E-048   5.1913828727360823E-048   6.6909313435212264E-048   9.1280490187202146E-048   1.2970583023397331E-047   1.8858925043792794E-047   2.7537656267046025E-047   4.0501301242623216E-047   5.9905317890015937E-047   8.8930132990433523E-047   1.3231368870641705E-046   1.9717497961013524E-046   2.9419231514515592E-046   4.3933100011442168E-046
   2.9470517025518101        0.0000000000000000        0.0000000000000000        1.5715094860786826E-046   1.3615565082571212E-047   5.1253656017940433E-048   3.5768013870349481E-048   3.4252747317236218E-048   3.9374411412835571E-048   5.0834206673797006E-048   6.9605225876470265E-048   9.9250260367240914E-048   1.4295237631278144E-047   2.0899539055771936E-047   3.0816458985310621E-047   4.5677405444202071E-047   6.7934779172345628E-047   1.0124651051921779E-046   1.5083765136004270E-046   2.2417508941834328E-046   3.3353045613329246E-046
   4.2919342601287758        0.0000000000000000        0.0000000000000000        1.1700453973736148E-046   1.0278067954616945E-047   3.8746447304173395E-048   2.7210133941490586E-048   2.6083442892958513E-048   3.0175771602901164E-048   3.8839341257523499E-048   5.3594305499708455E-048   7.5601205747791069E-048   1.0931099049202705E-047   1.6026028329413407E-047   2.3682517493922458E-047   3.5167830999755293E-047   5.2075726564051147E-047   7.7270216184707375E-047   1.1486368962856125E-046   1.7098983703755685E-046   2.5479855295371730E-046
   6.2505519252739701        0.0000000000000000        0.0000000000000000        8.7439395947923882E-047   7.7591145566139004E-048   2.9601434084426003E-048   2.0800803807262177E-048   2.0060582715629018E-048   2.3338353678877256E-048   2.9960194119213214E-048   4.1083046422426181E-048   5.8164755398581488E-048   8.4380238366327537E-048   1.2400897522143196E-047   1.8237075824251951E-047   2.6931872055619434E-047   3.9930204734715907E-047   5.9343971767895290E-047   8.8347950518788049E-047   1.3170359887995040E-046   1.9652189098780225E-046
   9.1029817799152166        0.0000000000000000        0.0000000000000000        6.6119790872063052E-047   5.8766605445887423E-048   2.2735722792250495E-048   1.6051123328663946E-048   1.5563679040960776E-048   1.8016209051204782E-048   2.3306390688199709E-048   3.1748988679678408E-048   4.5144549093990426E-048   6.5640726588304612E-048   9.5644508291043624E-048   1.4067456746601902E-047   2.0810346129221987E-047   3.0901219014914783E-047   4.5988702648032967E-047   6.8553505044883485E-047   1.0231971215476648E-046   1.5285443936317015E-046
   13.257113655901083        0.0000000000000000        0.0000000000000000        4.9670636106377696E-047   4.4965692576826718E-048   1.7426110813759972E-048   1.2488689438206954E-048   1.2113085017481308E-048   1.3985764656558473E-048   1.8104093514690881E-048   2.4741739345704731E-048   3.5310974786910081E-048   5.0867399792177029E-048   7.4283782361977257E-048   1.0944935350819490E-047   1.6215060857640058E-047   2.4109054106733456E-047   3.5922725176095689E-047   5.3607551852858021E-047   7.9745789967535577E-047   1.1858204372167673E-046
   19.306977288832499        0.0000000000000000        0.0000000000000000        3.7684822735007098E-047   3.4586617518756260E-048   1.3477824672043834E-048   9.7150963447257623E-049   9.4333367029942250E-049   1.0943395379953448E-048   1.4138216958191590E-048   1.9423871479148499E-048   2.7573237339355597E-048   3.9744489726795955E-048   5.8149459172015980E-048   8.5804245565827964E-048   1.2727898217637431E-047   1.8945134620816300E-047   2.8177673770900616E-047   4.1830183502328148E-047   6.2197072247088198E-047   9.2584607243211441E-047
   28.117686979742281        0.0000000000000000        0.0000000000000000        2.8878773459909354E-047   2.6542594400556387E-048   1.0507539445296185E-048   7.5862054917366889E-049   7.4027798625712101E-049   8.6231173751206634E-049   1.1122951293954161E-048   1.5348779573653806E-048   2.1655481250784870E-048   3.1280759724873136E-048   4.5837536242504314E-048   6.7720476745740847E-048   1.0055900723160162E-047   1.4903324085677350E-047   2.2102068368660233E-047   3.2842250985830622E-047   4.8877537044386144E-047   7.2821405982883698E-047
   40.949150623804236        0.0000000000000000        0.0000000000000000        2.2079076384565401E-047   2.0549089083452054E-048   8.2497231722637636E-049   5.9670871206524912E-049   5.8489087101142111E-049   6.8372460260147750E-049   8.8084335166867395E-049   1.2150696602163508E-048   1.7125277652380410E-048   2.4779343892691183E-048   3.6356455308178510E-048   5.3767134555140835E-048   7.9461267186908703E-048   1.1763129203579937E-047   1.7459432571197964E-047   2.5963676656794750E-047   3.8669156651612769E-047   5.7653407631431137E-047
   59.636233165946436        0.0000000000000000        0.0000000000000000        1.6970692115292491E-047   1.6032743182451400E-048   6.4952207975495056E-049   4.7241153111173855E-049   4.6493711331124592E-049   5.4514747698678272E-049   7.0166946537306583E-049   9.6495257977109960E-049   1.3626666987158260E-048   1.9743253929703209E-048   2.8996091975026588E-048   4.2773925754322743E-048   6.3085476449251525E-048   9.3454050070700725E-048   1.3879775810576899E-047   2.0652877437390012E-047   3.0777413449258577E-047   4.5913186941747501E-047
   86.851137375135210        0.0000000000000000        0.0000000000000000        1.3157288914056091E-047   1.2595114966569797E-048   5.1198214748812907E-049   3.7619810053810475E-049   3.7161986140180526E-049   4.3684476224202296E-049   5.6192814844664027E-049   7.7106253023503025E-049   1.0903760943636142E-048   1.5813354194798702E-048   2.3241312172354759E-048   3.4149661857309856E-048   5.0392656184914111E-048   7.4688215323800987E-048   1.1097795013740827E-047   1.6520618628609341E-047   2.4630043966138793E-047   3.6758121796612732E-047
   126.48552168552959        0.0000000000000000        0.0000000000000000        1.0278846065060772E-047   9.9386814401808888E-049   4.0620230996429883E-049   3.0118065768959377E-049   2.9853494250903780E-049   3.5167537198306054E-049   4.5223454492079206E-049   6.1967665003418576E-049   8.7702995440688405E-049   1.2726972849157333E-048   1.8704219978736833E-048   2.7426157108646332E-048   4.0483516333185791E-048   6.0019923296652735E-048   8.9208252075627822E-048   1.3283637505786266E-047   1.9809750625596487E-047   2.9572578681399206E-047
   184.20699693267147        0.0000000000000000        0.0000000000000000        8.0750044217800995E-048   7.8380640039140675E-049   3.2420756310203343E-049   2.4232133343383893E-049   2.4096653827959190E-049   2.8415410006595491E-049   3.6565540408686879E-049   5.0075794976646889E-049   7.0891518645579230E-049   1.0289859911242336E-048   1.5106551621860112E-048   2.2151633407132112E-048   3.2700266637536481E-048   4.8485942673431747E-048   7.2073225480001113E-048   1.0733423776983686E-047   1.6008788478748304E-047   2.3901733237768390E-047
   268.26957952797250        0.0000000000000000        0.0000000000000000        6.3318448323042591E-048   6.2215120404004601E-049   2.6021550220652197E-049   1.9589460483337526E-049   1.9540588876804297E-049   2.3083308530398403E-049   2.9701689131127700E-049   4.0688648541617726E-049   5.7583140167214216E-049   8.3569213287522903E-049   1.2273738371258957E-048   1.7992888303911990E-048   2.6556576407531351E-048   3.9372588750424680E-048   5.8522075058287861E-048   8.7148995506498434E-048   1.2997877016236393E-047   1.9406160252905342E-047
   390.69399370546131        0.0000000000000000        0.0000000000000000        4.9996647523196039E-048   4.9679958346367692E-049   2.0998409547439837E-049   1.5911786364213840E-049   1.5921805945546706E-049   1.8830734673811882E-049   2.4242368453612887E-049   3.3252594139138768E-049   4.7012220496826504E-049   6.8188152684749571E-049   1.0024302607257861E-048   1.4701841632904457E-048   2.1689499477161969E-048   3.2146142758991402E-048   4.7767500372147605E-048   7.1116703612667956E-048   1.0604643916766569E-047   1.5830276431116402E-047
   568.98660290182931        0.0000000000000000        0.0000000000000000        3.9727805423213707E-048   3.9895438621454145E-049   1.7036778670254713E-049   1.2989421564200058E-049   1.3040852999897171E-049   1.5432710469654384E-049   1.9892128165008154E-049   2.7351488895012529E-049   3.8599769950098751E-049   5.5925254248909736E-049   8.2155145170741570E-049   1.2092388759257535E-048   1.7826103684035220E-048   2.6404418372821256E-048   3.9215108266575405E-048   5.8357077274048542E-048   8.6985114262116660E-048   1.2980166442868018E-047
   828.64277285468438        0.0000000000000000        0.0000000000000000        3.1751677549418308E-048   3.2214541176649903E-049   1.3901101687950273E-049   1.0663128578667794E-049   1.0745813404078831E-049   1.2720150355293593E-049   1.6425702888053328E-049   2.2671145230964360E-049   3.1905697784759354E-049   4.6146767801710297E-049   6.7710346866161233E-049   1.0016729540724036E-048   1.4760124967565039E-048   2.1842775272997605E-048   3.2413744305995155E-048   4.8200708458286343E-048   7.1800092702710416E-048   1.0707867670393865E-047
   1206.7926406393290        0.0000000000000000        0.0000000000000000        2.5514345369525739E-048   2.6156050388287253E-049   1.1413362860269131E-049   8.8112196937595893E-050   8.9205618101375146E-050   1.0559184786885568E-049   1.3671067442680570E-049   1.8899999235757962E-049   2.6595105517787365E-049   3.8367806401634363E-049   5.6197282327620169E-049   8.3026630553264259E-049   1.2333377003408900E-048   1.8230227629117305E-048   2.7020454756446981E-048   4.0137559170085297E-048   5.9731898427743335E-048   8.9001865470992362E-048
   1757.5106248547895        0.0000000000000000        0.0000000000000000        2.0607318702600557E-048   2.1358153915619953E-049   9.4378422783403498E-050   7.3402824542272944E-050   7.4764152989302324E-050   8.8473408280992910E-050   1.1497561621165827E-049   1.5798150927234308E-049   2.2414812237971309E-049   3.2218794319608680E-049   4.7070814696081290E-049   6.9410851748647719E-049   1.0295504332656521E-048   1.5331244910250271E-048   2.2776036421895542E-048   3.3780833387327904E-048   5.0202840531102725E-048   7.4707862309970317E-048
   2559.5479226995335        0.0000000000000000        0.0000000000000000        1.6725860339010828E-048   1.7545804640576183E-049   7.8701177639464952E-050   6.1784579425893568E-050   6.3462987136584255E-050   7.5072215353242898E-050   9.8079717476565789E-050   1.3358910549618807E-049   1.9036181931489636E-049   2.7422681231569305E-049   3.9918315788837433E-049   5.8703459193475250E-049   8.6887736167828042E-049   1.2916513196724397E-048   1.9245590352983863E-048   2.8726471039613957E-048   4.2780686179028579E-048   6.3547619699362024E-048
   3727.5937203149379        0.0000000000000000        0.0000000000000000        1.3640140325665436E-048   1.4507528921703178E-049   6.6134159349020481E-050   5.2705331426406903E-050   5.4342581849460320E-050   6.4825935245193271E-050   8.3954461638509367E-050   1.1479629517312899E-049   1.6236025768492964E-049   2.3560162442353488E-049   3.4438518953063572E-049   5.0447928538908793E-049   7.4441584948727804E-049   1.1039317938872909E-048   1.6412748280521608E-048   2.4450150598666287E-048   3.6485159054073034E-048   5.4504493900612028E-048
   5428.6754393238598        0.0000000000000000        0.0000000000000000        1.1175143997636549E-048   1.2078946998624681E-049   5.5493213009764270E-050   4.4940904453258171E-050   4.6725075118585980E-050   5.6038543023153768E-050   7.2748734719617396E-050   1.0061581074133372E-049   1.4119102753966672E-049   2.0347559724452299E-049   2.9784536778016388E-049   4.3990521815167383E-049   6.5132291824802404E-049   9.6252853949549941E-049   1.4266006112764608E-048   2.1192847180694890E-048   3.1545572159476281E-048   4.7015879178475557E-048
   7906.0432109076855        0.0000000000000000        0.0000000000000000        9.1966595844582792E-049   1.0090097590847130E-049   4.6991068870912391E-050   3.8722358334604278E-050   4.1031016530604742E-050   4.9315424143717145E-050   6.4703724746109054E-050   8.8027773013291960E-050   1.2523025755331694E-049   1.8004225835734393E-049   2.6170990424125456E-049   3.8452032493794189E-049   5.6887564168486344E-049   8.4564273822392334E-049   1.2599527168598656E-048   1.8806961605573600E-048   2.7944570940916607E-048   4.1511768546604450E-048
   11513.953993264458        0.0000000000000000        0.0000000000000000        7.6014494674763356E-049   8.4182077466248361E-050   4.0201030098904395E-050   3.3957249883097710E-050   3.6407024235269294E-050   4.4286677359360975E-050   5.7535229786468482E-050   7.9331219313894892E-050   1.1120936981621783E-049   1.6045733001588106E-049   2.3508609641628961E-049   3.4573881859982771E-049   5.0852646147702129E-049   7.5248644249599368E-049   1.1165712132183766E-048   1.6605670977791360E-048   2.4746182515657325E-048   3.6923485194890854E-048
   16768.329368110066        0.0000000000000000        0.0000000000000000        6.3101158056758265E-049   7.0608050477446326E-050   3.4779042986674992E-050   2.9757928801317691E-050   3.2501542989708208E-050   3.9858431737684493E-050   5.2600126529080679E-050   7.1489860424232838E-050   1.0148050403203975E-049   1.4547627325530757E-049   2.1110442166552979E-049   3.0982677933354199E-049   4.5812250669907187E-049   6.8098267380006768E-049   1.0145653397303884E-048   1.5117737189216439E-048   2.2426322642010823E-048   3.3320650660123462E-048
   24420.530945486498        0.0000000000000000        0.0000000000000000        5.2615153378058691E-049   5.9567510291112477E-050   2.9799862158291903E-050   2.6180502805746237E-050   2.9391578758919268E-050   3.6496602731127081E-050   4.7839108525769202E-050   6.6134879418085132E-050   9.2261795819368808E-050   1.3246396338295821E-049   1.9341439563102544E-049   2.8521783299890183E-049   4.1879228511608507E-049   6.1887413331728387E-049   9.1717593480292094E-049   1.3626433846361382E-048   2.0292752089487444E-048   3.0260973817056723E-048
   35564.803062231287        0.0000000000000000        0.0000000000000000        4.3825278500652456E-049   5.0588693935877391E-050   2.5677704381008805E-050   2.3293970953443471E-050   2.6458103273242194E-050   3.3489481989019844E-050   4.4388637268365214E-050   6.0503819688609865E-050   8.5105448565177931E-050   1.2289003853796847E-049   1.7716351068527750E-049   2.5880499929691650E-049   3.8149497485721678E-049   5.6603250537826789E-049   8.4188060813264348E-049   1.2548907326468744E-048   1.8745675643560844E-048   2.7816853072637816E-048
   51794.746792312020        0.0000000000000000        0.0000000000000000        3.6458470998175687E-049   4.3295623569457374E-050   2.2348537841225070E-050   2.0362064661271749E-050   2.3908322880957693E-050   3.0630066190099483E-050   4.0903443906491813E-050   5.6045895674985265E-050   7.8794482522656063E-050   1.1204630756376767E-049   1.6250428780636500E-049   2.3848852049879190E-049   3.5290390962820014E-049   5.2130235353095244E-049   7.7052161834771695E-049   1.1421789000107290E-048   1.6981876403586525E-048   2.5286250219308122E-048
   75431.200633546076        0.0000000000000000        0.0000000000000000        3.0430829339314131E-049   3.6630528744106514E-050   1.9364005523459229E-050   1.7964141065567450E-050   2.1334143385110287E-050   2.8177486810083096E-050   3.7600259847003139E-050   5.1878068823995276E-050   7.2087138658648955E-050   1.0331517175231403E-049   1.5000020975974422E-049   2.1769202735836043E-049   3.1953424447168178E-049   4.7293678145387512E-049   7.0184245962518806E-049   1.0441710416606338E-048   1.5577636425120589E-048   2.3268923087119321E-048
   109854.11419875573        0.0000000000000000        0.0000000000000000        2.5477613302837977E-049   3.1176318462200592E-050   1.6735577693397820E-050   1.5716579832331018E-050   1.9038555316323709E-050   2.5244408366464541E-050   3.4597620117509560E-050   4.7231999888027961E-050   6.6453967453614616E-050   9.4033092217609191E-050   1.3540548488195552E-049   1.9770126254728121E-049   2.9162064198630019E-049   4.3339351416170372E-049   6.3946170040232957E-049   9.4603196509163075E-049   1.4048534498799584E-048   2.0894349523248150E-048
   159985.87196060573        0.0000000000000000        0.0000000000000000        2.1382135015462751E-049   2.6677275130969922E-050   1.4583637705268414E-050   1.3615146200239210E-050   1.6581275026497277E-050   2.2688992458174968E-050   3.0993715416300153E-050   4.3246497557646992E-050   5.9659309012470256E-050   8.4979023210875712E-050   1.2334431826889294E-049   1.7815351130465014E-049   2.6075318967072044E-049   3.8543210377894771E-049   5.7131524274940019E-049   8.4916041341740587E-049   1.2663445472635820E-048   1.8907973280483419E-048
   232995.18105153670        0.0000000000000000        0.0000000000000000        1.7971717414862187E-049   2.2916189581340337E-050   1.2638372783616983E-050   1.1821282469229149E-050   1.4423118813751384E-050   1.9840751272730753E-050   2.7773027894719574E-050   3.8296264784585205E-050   5.3800426123073711E-050   7.5782340175604164E-050   1.0878393660478391E-049   1.5846774149239924E-049   2.3351803570440623E-049   3.4497787884513939E-049   5.0864690722005984E-049   7.5247703347259574E-049   1.1179949713673830E-048   1.6633934278548789E-048
   339322.17718953232        0.0000000000000000        0.0000000000000000        1.5113568162214287E-049   1.9388940291729235E-050   1.0831109963579945E-050   1.0175498322418259E-050   1.2443202222563048E-050   1.7195661406476137E-050   2.4276260975816377E-050   3.3964176518259305E-050   4.7060200362899786E-050   6.7096999309779776E-050   9.6132941651971402E-050   1.3882626934359950E-049   2.0335904844845256E-049   3.0096192439904758E-049   4.4661579990477219E-049   6.6450916344299139E-049   9.8841976128312439E-049   1.4652342046294980E-048
   494171.33613238280        0.0000000000000000        0.0000000000000000        1.2580263672314542E-049   1.6354658739753346E-050   9.2852075644264460E-051   8.6247329199444127E-051   1.0514843898734947E-050   1.4827600633521231E-050   2.0973989023469931E-050   2.9517957649934197E-050   4.1094648487793570E-050   5.7999567959705805E-050   8.3551088473754202E-050   1.2138803785323984E-049   1.7676491460879595E-049   2.6055469898292665E-049   3.8527438164089610E-049   5.7142640715772127E-049   8.5117269960517978E-049   1.2692675411185127E-048
   719685.67300115142        0.0000000000000000        0.0000000000000000        1.0447622818028943E-049   1.3776230083163929E-050   7.9471383389133983E-051   7.2930860903344666E-051   8.8546804934713743E-051   1.2583768407731448E-050   1.8029654598192046E-050   2.5275753577423582E-050   3.5523191089777776E-050   4.9949817959590778E-050   7.1434148745733587E-050   1.0375008209184108E-049   1.5267767324735735E-049   2.2469597603330493E-049   3.3112611679981417E-049   4.8963716432093415E-049   7.2766090741182974E-049   1.0826465869993986E-048
   1048113.1341546853        0.0000000000000000        0.0000000000000000        8.6731419532711639E-050   1.1583370655432945E-050   6.7140344224879343E-051   6.1507521207938667E-051   7.4342661843872363E-051   1.0554043412396546E-050   1.5342673640949766E-050   2.1541639068608752E-050   3.0065284871540846E-050   4.2811730730766504E-050   6.0816690596068577E-050   8.7882659854154518E-050   1.2888640359699010E-049   1.9099934043738733E-049   2.8329045490408601E-049   4.1773217796543409E-049   6.1947611100105504E-049   9.1975923280743125E-049
   1526417.9671752304        0.0000000000000000        0.0000000000000000        7.1985214038719325E-050   9.7226036518620280E-051   5.6213945209855257E-051   5.1747828770454607E-051   6.2273818121437958E-051   8.8262727153215544E-051   1.2846991839494841E-050   1.8275664179166322E-050   2.5347691072923273E-050   3.6041283635308203E-050   5.1560187234410752E-050   7.4162575711692190E-050   1.0842605765694865E-049   1.6033873214913076E-049   2.3779217422173908E-049   3.5361424067468404E-049   5.2523200614280716E-049   7.7833067155734667E-049
   2222996.4825261910        0.0000000000000000        0.0000000000000000        5.9747945995872716E-050   8.1366811983596203E-051   4.6974075111246833E-051   4.3397881255131075E-051   5.2084042508742994E-051   7.3663447473646704E-051   1.0728929480987306E-050   1.5362799796382500E-050   2.1300103920572910E-050   3.0144158737243348E-050   4.3466110814393823E-050   6.2386032203192786E-050   9.0948206856339691E-050   1.3423069511115319E-049   1.9872913087470236E-049   2.9507140513309140E-049   4.4010407726590584E-049   6.5649757775713973E-049
   3237457.5428176401        0.0000000000000000        0.0000000000000000        4.9604791686106620E-050   6.7411721547075323E-051   3.9194708818265828E-051   3.5987735513161928E-051   4.3444571880649203E-051   6.1401979853381110E-051   8.9436121209558219E-051   1.2781774359433792E-050   1.7854579448969469E-050   2.5157977654502248E-050   3.6155302051928616E-050   5.2355414350387757E-050   7.6122615757918002E-050   1.1214499474042658E-049   1.6576340757355706E-049   2.4577113929022152E-049   3.6616595979996899E-049   5.4601602999245369E-049
   4714866.3634573901        0.0000000000000000        0.0000000000000000        4.1204364439109629E-050   5.5834275191684538E-051   3.2672547079009759E-051   2.9828712186984169E-051   3.5934367888252475E-051   5.1150789563697646E-051   7.4471163480771855E-051   1.0620716514643022E-050   1.4941861009007887E-050   2.0966684236856991E-050   3.0036888012335499E-050   4.3672376751956300E-050   6.3624089415742440E-050   9.3569296339573303E-050   1.3809349909074135E-049   2.0446580029676175E-049   3.0430234994932830E-049   4.5329771222727168E-049
   6866488.4500429993        0.0000000000000000        0.0000000000000000        3.4250334336504410E-050   4.6246699365851999E-051   2.7223469195036838E-051   2.4721104317254238E-051   2.9725184490026910E-051   4.2607545713133793E-051   6.1979114549866347E-051   8.8189086626638372E-051   1.2437197178807127E-050   1.7459936812244050E-050   2.4936920473229769E-050   3.6173983200193295E-050   5.3138448498336299E-050   7.8016519403550354E-050   1.1496740493569043E-049   1.6999759655214646E-049   2.5273992699273046E-049   3.7610832012274928E-049
   9999999.9999999795        0.0000000000000000        0.0000000000000000        2.8489506189046309E-050   3.8316745384111939E-051   2.2682767405513655E-051   2.0492028309825664E-051   2.4597228258207377E-051   3.5369559016527249E-051   5.1581314334677051E-051   7.3211956333730888E-051   1.0290514540681869E-050   1.4535926326284878E-050   2.0698343460409894E-050   2.9957489318514794E-050   4.4001886620277755E-050   6.5037612866828749E-050   9.5698672212083991E-050   1.4131848479499426E-049   2.0988304226422471E-049   3.1201777373594194E-049
