   0.00000000       100.00000000000000     
  0.10000000000000001        5.5570276248248170E-047
  0.14563484775012439        4.0637653691256681E-047
  0.21209508879201910        2.9863009117766451E-047
  0.30888435964774813        2.2019655939961793E-047
  0.44984326689694454        1.6268861960259025E-047
  0.65512855685955085        1.2139273679162951E-047
  0.95409547634999403        9.0147171663486754E-048
   1.3894954943731375        6.7810797051062851E-048
   2.0235896477251565        5.1066644628868138E-048
   2.9470517025518101        3.8595207675457295E-048
   4.2919342601287758        2.9494555107729678E-048
   6.2505519252739701        2.2656707341449212E-048
   9.1029817799152166        1.7408644890570767E-048
   13.257113655901083        1.3511477919466111E-048
   19.306977288832499        1.0583671978827284E-048
   28.117686979742281        8.3616484984221183E-049
   40.949150623804236        6.6604722224876881E-049
   59.636233165946436        5.3485681808215953E-049
   86.851137375135210        4.3311794818221971E-049
   126.48552168552959        3.5393844678603613E-049
   184.20699693267147        2.9227308786057668E-049
   268.26957952797250        2.4442963577367989E-049
   390.69399370546131        2.0774657565575773E-049
   568.98660290182931        1.8040633115171264E-049
   828.64277285468438        1.5850342434232854E-049
   1206.7926406393290        1.4158123557217229E-049
   1757.5106248547895        1.2892251705563421E-049
   2559.5479226995335        1.1917715537387128E-049
   3727.5937203149379        1.1062507754863693E-049
   5428.6754393238598        1.0427294317393734E-049
   7906.0432109076855        9.8718004594254763E-050
   11513.953993264458        9.2104896571264635E-050
   16768.329368110066        8.5976964176113847E-050
   24420.530945486498        7.9653765241328202E-050
   35564.803062231287        7.1718541312702871E-050
   51794.746792312020        6.4237372298661436E-050
   75431.200633546076        5.5955130228780139E-050
   109854.11419875573        4.8002714026632367E-050
   159985.87196060573        4.0816531769702820E-050
   232995.18105153670        3.4430610292025791E-050
   339322.17718953232        2.8744915822749682E-050
   494171.33613238280        2.3780577519584552E-050
   719685.67300115142        1.9639055003527545E-050
   1048113.1341546853        1.6206040064913424E-050
   1526417.9671752304        1.3371919213343444E-050
   2222996.4825261910        1.1037705932431050E-050
   3237457.5428176401        9.1174092267241393E-051
   4714866.3634573901        7.5381398168421322E-051
   6866488.4500429993        6.2390545566415699E-051
   9999999.9999999795        5.1698416142468367E-051
