   0.00000000       5.0000000000000009        7.4594777891030546        11.128761777224360        16.602950259484825        24.769867738841974        36.954055647382404        55.131591463785448        82.250576400402196        122.70926955994489        183.06941415989363        273.12044575796682        407.46717977629612        607.89847546594820        906.92103515356939        1353.0314636396799        2018.5816301955592        3011.5129671870409        4492.8628180655114        6702.8820801693328        10000.000000000000     
  0.10000000000000001        0.0000000000000000        0.0000000000000000        0.0000000000000000        8.8556259646181360E-044   4.5447059881969652E-045   1.2455404360857922E-045   7.0071655084433002E-046   5.8013835286948285E-046   5.9898173771707424E-046   7.0707245608934464E-046   9.0652933604283733E-046   1.2331363888354542E-045   1.7141470501695799E-045   2.4523340657700350E-045   3.5683333287536152E-045   5.2227899203964986E-045   7.6743382784322561E-045   1.1340186751929753E-044   1.6818539227653948E-044   2.5002912799057336E-044
  0.14563484775012439        0.0000000000000000        0.0000000000000000        0.0000000000000000        6.3592689800515475E-044   3.2630450806029078E-045   8.9304406606622774E-046   5.0632313576611505E-046   4.2080052326598100E-046   4.3575496891100594E-046   5.1310456437479943E-046   6.6048409199848920E-046   8.8809307704247295E-046   1.2480697626382403E-045   1.7790413938525181E-045   2.5756671883195111E-045   3.7727799843705260E-045   5.5665266704916949E-045   8.2537490490391858E-045   1.2263769456751155E-044   1.8184208290635369E-044
  0.21209508879201910        0.0000000000000000        0.0000000000000000        0.0000000000000000        4.5540251542058779E-044   2.3567683903868716E-045   6.4774138318387629E-046   3.6642622108715120E-046   3.0406674276307210E-046   3.1436055703755977E-046   3.7187187193590142E-046   4.7687829788070599E-046   6.4816435790919997E-046   9.0249250231806944E-046   1.2926703860199637E-045   1.8825192006360553E-045   2.7487386944765516E-045   4.0411372431153903E-045   5.9741898769563918E-045   8.8637339568158442E-045   1.3181573137283033E-044
  0.30888435964774813        0.0000000000000000        0.0000000000000000        0.0000000000000000        3.2694474760014810E-044   1.6934921572990119E-045   4.6669179100652674E-046   2.6540914020778435E-046   2.2122141491955460E-046   2.2992764191519814E-046   2.7083477745003951E-046   3.4921483311366717E-046   4.6993932655444138E-046   6.6122596576385572E-046   9.4149479487960240E-046   1.3639103320354554E-045   1.9987395079069295E-045   2.9500522417779426E-045   4.3754722887519802E-045   6.4912971255364623E-045   9.6269710757202772E-045
  0.44984326689694454        0.0000000000000000        0.0000000000000000        0.0000000000000000        2.3601386606160623E-044   1.2316649362494196E-045   3.3936305528733822E-046   1.9335343783954897E-046   1.6090816448723985E-046   1.6668240007974345E-046   1.9753386933344633E-046   2.5351846885821349E-046   3.4471777566086748E-046   4.8032176353139223E-046   6.8832452286347864E-046   1.0027608909184012E-045   1.4637168339598080E-045   2.1522057072113766E-045   3.1820721032473311E-045   4.7216163963532848E-045   7.0222212858804711E-045
  0.65512855685955085        0.0000000000000000        0.0000000000000000        0.0000000000000000        1.6956130208443092E-044   8.8693162401447590E-046   2.4617774683977147E-046   1.4060421061341213E-046   1.1762755601412746E-046   1.2259011162598725E-046   1.4466137063187981E-046   1.8678798002561369E-046   2.5145352548394022E-046   3.5390454853314660E-046   5.0433794286604875E-046   7.3061429003725454E-046   1.0706692968623903E-045   1.5802138609846622E-045   2.3437087061100554E-045   3.4803951321917819E-045   5.1609536586337327E-045
  0.95409547634999403        0.0000000000000000        0.0000000000000000        0.0000000000000000        1.2328723698430900E-044   6.4702184138530772E-046   1.7975869787504409E-046   1.0304199857459079E-046   8.6063990144915114E-047   8.9401194691997501E-047   1.0611047219653624E-046   1.3639590862395183E-046   1.8582554249366590E-046   2.5880351518523042E-046   3.7076803919040566E-046   5.4002011314811372E-046   7.8998713957773985E-046   1.1611678208078709E-045   1.7163252397422747E-045   2.5460853681029990E-045   3.7857647759702133E-045
   1.3894954943731375        0.0000000000000000        0.0000000000000000        0.0000000000000000        8.8736877850484316E-045   4.6905179314825058E-046   1.3119474233524651E-046   7.5373786398834922E-047   6.3356310248955472E-047   6.6174137568592811E-047   7.8332279717348909E-047   1.0107523641436487E-046   1.3629036070535638E-046   1.9165912624519593E-046   2.7401089202724745E-046   3.9665469041972009E-046   5.8094275875561679E-046   8.5700485358185149E-046   1.2705743925594133E-045   1.8897887015735637E-045   2.8076157212573049E-045
   2.0235896477251565        0.0000000000000000        0.0000000000000000        0.0000000000000000        6.4708176259121743E-045   3.4381600492824776E-046   9.6392068091942382E-047   5.5531789605832695E-047   4.6600487647266787E-047   4.8596005196007253E-047   5.7750846003127936E-047   7.4420712817443469E-047   1.0138504482572576E-046   1.4149198766252604E-046   2.0244698453434774E-046   2.9458962466987652E-046   4.3316412933522576E-046   6.3620832606190151E-046   9.3965289135212533E-046   1.3929843037966440E-045   2.0699212831352090E-045
   2.9470517025518101        0.0000000000000000        0.0000000000000000        0.0000000000000000        4.6889167933803179E-045   2.5073539229396095E-046   7.0732409518821738E-047   4.0963216145845600E-047   3.4646620885899750E-047   3.6137477871799906E-047   4.3116180119530687E-047   5.5401134337376008E-047   7.5020897857354474E-047   1.0526348252434764E-046   1.5144232572712800E-046   2.1885880514577427E-046   3.2013286803680222E-046   4.7175783769493904E-046   6.9880856194092968E-046   1.0385813100057391E-045   1.5468278666741309E-045
   4.2919342601287758        0.0000000000000000        0.0000000000000000        0.0000000000000000        3.4350512081187694E-045   1.8507694910671315E-046   5.2427341853551360E-047   3.0322448352516998E-047   2.5603308776112691E-047   2.6844387941181611E-047   3.1932709156286271E-047   4.1307466021362283E-047   5.6046602550223951E-047   7.8751026911848878E-047   1.1239227681188701E-046   1.6324817078203248E-046   2.3970558039998723E-046   3.5432166615641445E-046   5.2398908994408533E-046   7.7582007702742950E-046   1.1515243760316754E-045
   6.2505519252739701        0.0000000000000000        0.0000000000000000        0.0000000000000000        2.5041507138760757E-045   1.3568565697288826E-046   3.8655457708512326E-047   2.2631333222570744E-047   1.9170824469556254E-047   2.0045157599907544E-047   2.3957573416550918E-047   3.0877020705785363E-047   4.2098080615655383E-047   5.8829356052340194E-047   8.4478253795843646E-047   1.2323438269309943E-046   1.7985930920172602E-046   2.6456147631662084E-046   3.9130270315068454E-046   5.8079703360976457E-046   8.6397835799451177E-046
   9.1029817799152166        0.0000000000000000        0.0000000000000000        0.0000000000000000        1.8469965122295066E-045   1.0088749860313938E-046   2.8884830052409561E-047   1.6822398475063011E-047   1.4322523080812786E-047   1.5130898571832659E-047   1.8011733543678289E-047   2.3354003506274479E-047   3.1572506627562216E-047   4.4473129219242525E-047   6.3728936456187421E-047   9.2283003616941255E-047   1.3518951749511952E-046   1.9944915931948516E-046   2.9573141573127737E-046   4.3989094554927153E-046   6.5493974464495291E-046
   13.257113655901083        0.0000000000000000        0.0000000000000000        0.0000000000000000        1.3536764601646613E-045   7.4497531776257069E-047   2.1475288329021008E-047   1.2660108400806898E-047   1.0763233051755510E-047   1.1340435414080835E-047   1.3562134148869399E-047   1.7580273791957491E-047   2.3950473961535587E-047   3.3625656442968402E-047   4.8074396155821119E-047   6.9914480132873068E-047   1.0275508916821558E-046   1.5199287849535688E-046   2.2427073864176714E-046   3.3218307034661774E-046   4.9320646205664476E-046
   19.306977288832499        0.0000000000000000        0.0000000000000000        0.0000000000000000        1.0062570481046597E-045   5.5615096340615394E-047   1.6105553942098492E-047   9.5211417117432071E-048   8.1783397970777882E-048   8.5973461175583985E-048   1.0323667029600173E-047   1.3341134147596660E-047   1.8230470085350002E-047   2.5505821024550310E-047   3.6657076138622261E-047   5.3510974781653887E-047   7.8172131629711929E-047   1.1498534349573254E-046   1.7007517663232334E-046   2.5243920711419865E-046   3.7551627637968952E-046
   28.117686979742281        0.0000000000000000        0.0000000000000000        0.0000000000000000        7.4231703790298175E-046   4.1635066682083889E-047   1.2179867882490669E-047   7.1883615837678673E-048   6.1817618586595265E-048   6.5834326425254814E-048   7.8780096871750527E-048   1.0225761242134313E-047   1.3873963133539357E-047   1.9542900517661503E-047   2.8130955033714265E-047   4.0709951570400658E-047   5.9609328905011665E-047   8.7903105897170685E-047   1.3029223883732476E-046   1.9374399668154327E-046   2.8867901484138205E-046
   40.949150623804236        0.0000000000000000        0.0000000000000000        8.0499785149073370E-043   5.5407314951894316E-046   3.1191857904159858E-047   9.1633774614571121E-048   5.4840697861075311E-048   4.7108112205946817E-048   5.0072132674471134E-048   6.0149692985323744E-048   7.8409950867792419E-048   1.0661612722549099E-047   1.5077021257696293E-047   2.1517653802889403E-047   3.1253297241904054E-047   4.5888986642261773E-047   6.7819654801630081E-047   1.0070876539080098E-046   1.4933646353892335E-046   2.2147955396064352E-046
   59.636233165946436        0.0000000000000000        0.0000000000000000        5.9238233406683135E-043   4.1427708447267119E-046   2.3634468035777412E-047   6.9689698217972524E-048   4.1885165206085699E-048   3.6237169995066043E-048   3.8449241435849236E-048   4.6354059257860455E-048   6.0276742203595615E-048   8.2632786623423304E-048   1.1587704338659231E-047   1.6611128087433081E-047   2.4203540387188359E-047   3.5623280604446795E-047   5.2541579990052687E-047   7.7577756924149803E-047   1.1496920873287195E-046   1.7077945055361932E-046
   86.851137375135210        0.0000000000000000        0.0000000000000000        4.4195503973318978E-043   3.1034724533219015E-046   1.7887338143291612E-047   5.3505807147386874E-048   3.2037946134743721E-048   2.7981315513641213E-048   2.9778353442670176E-048   3.6015691187341083E-048   4.6735779309346577E-048   6.4098191714243252E-048   8.9835616002824401E-048   1.2927610504457405E-047   1.8888374795381004E-047   2.7646780642576337E-047   4.0662840334833709E-047   6.0143821288691333E-047   8.9267447605007881E-047   1.3278201994080152E-046
   126.48552168552959        0.0000000000000000        0.0000000000000000        3.2872492633124125E-043   2.3515301151825834E-046   1.3590981078202597E-047   4.0830735130234058E-048   2.4725364051398746E-048   2.1581113496613881E-048   2.3237424382175211E-048   2.8083088761727083E-048   3.6511358518569433E-048   4.9829017428743844E-048   7.0181690751737770E-048   1.0132932738434166E-047   1.4715945085647756E-047   2.1528757384692893E-047   3.1721462198926130E-047   4.6989235839248927E-047   6.9833717688735393E-047   1.0399662624355822E-046
   184.20699693267147        0.0000000000000000        0.0000000000000000        2.4625027580058180E-043   1.7770671207277364E-046   1.0426641383156746E-047   3.1422049527902880E-048   1.9232239848279012E-048   1.6780441934525831E-048   1.8086501069970189E-048   2.1885257237254645E-048   2.8714487573272459E-048   3.9026296487228858E-048   5.5199754143947974E-048   7.9501515702602538E-048   1.1521450197105682E-047   1.6887792993274263E-047   2.4921371809768576E-047   3.6963445393120947E-047   5.4994619998706318E-047   8.1979738251063892E-047
   268.26957952797250        0.0000000000000000        0.0000000000000000        1.8637357396622470E-043   1.3504325585135379E-046   8.0525074182131493E-048   2.4379631726870487E-048   1.5016146709864531E-048   1.3141612035547609E-048   1.4155031504400619E-048   1.7178631410582201E-048   2.2576749598865588E-048   3.0768686618041710E-048   4.3677305682827049E-048   6.2534390845274077E-048   9.0820823537470084E-048   1.3333812150224903E-047   1.9702100708085734E-047   2.9253691554065029E-047   4.3564571556351814E-047   6.4701836491830348E-047
   390.69399370546131        0.0000000000000000        0.0000000000000000        1.4013492576391137E-043   1.0362247086993846E-046   6.1930068943361807E-048   1.9052354864338761E-048   1.1711358110812961E-048   1.0357577168449407E-048   1.1152779818743995E-048   1.3571224979923333E-048   1.7820035903149724E-048   2.4402267672186881E-048   3.4607709042597391E-048   4.9507696097685112E-048   7.2030276126169464E-048   1.0589269491837053E-047   1.5663404585713356E-047   2.3277769907287188E-047   3.4533678317837224E-047   5.1209541778223348E-047
   568.98660290182931        0.0000000000000000        0.0000000000000000        1.0655046198826999E-043   7.9890877654561492E-047   4.8028823100359540E-048   1.4908508835022693E-048   9.1979964243684486E-049   8.2097928771587731E-049   8.8403908705907130E-049   1.0783554986892670E-048   1.4152547678105477E-048   1.9456583176035412E-048   2.7504441097012050E-048   3.9425177779721010E-048   5.7443884032752088E-048   8.4540296347006924E-048   1.2515697637247942E-047   1.8564805549324081E-047   2.7481520355246789E-047   4.0777770648407395E-047
   828.64277285468438        0.0000000000000000        0.0000000000000000        8.1811833846218212E-044   6.1466470839506984E-047   3.7524250352998186E-048   1.1683153525991001E-048   7.2694535468893464E-049   6.5258906086133119E-049   7.0457919242367656E-049   8.6137057987389203E-049   1.1303544751253027E-048   1.5588917145312345E-048   2.1987312577985457E-048   3.1565898958403002E-048   4.6044269120872603E-048   6.7819912901047939E-048   1.0046922350414692E-047   1.4851891117682892E-047   2.1996564642690444E-047   3.2653854496643439E-047
   1206.7926406393290        0.0000000000000000        0.0000000000000000        6.2581182185693647E-044   4.7689994690285979E-047   2.9509862827942465E-048   9.2156804521575584E-049   5.7779084290204025E-049   5.1957832097301998E-049   5.6437180449102761E-049   6.9140169077563490E-049   9.0758050824426988E-049   1.2546721552815924E-048   1.7673942372375899E-048   2.5401849371403274E-048   3.7082909401474581E-048   5.4652835506433222E-048   8.0954789023559242E-048   1.1949247822910085E-047   1.7703202759686335E-047   2.6287611143517277E-047
   1757.5106248547895        0.0000000000000000        0.0000000000000000        4.8197000696022128E-044   3.7276764400912768E-047   2.3342738506910371E-048   7.3124075943280678E-049   4.6162257492044356E-049   4.1605105039694552E-049   4.5419154801905142E-049   5.5752832988191075E-049   7.3239933894875619E-049   1.0141902463734695E-048   1.4282768513983856E-048   2.0541999499391830E-048   3.0003137446833689E-048   4.4234232473944262E-048   6.5486469957683788E-048   9.6674490643225007E-048   1.4324355945291213E-047   2.1272329714994652E-047
   2559.5479226995335        0.0000000000000000        0.0000000000000000        3.7432372422892702E-044   2.9329070909166371E-047   1.8494029226931750E-048   5.8335123048524673E-049   3.7058227697227169E-049   3.3496988626461308E-049   3.6717031153401961E-049   4.5158875066738760E-049   5.9398492943401110E-049   8.2329696195004797E-049   1.1604214557475468E-048   1.6693746042191913E-048   2.4386786550867736E-048   3.5957703771276884E-048   5.3285741834566981E-048   7.8655687230468203E-048   1.1653447547595498E-047   1.7304194265827646E-047
   3727.5937203149379        0.0000000000000000        0.0000000000000000        2.9287852819670822E-044   2.3210274101601234E-047   1.4686077324321016E-048   4.6768028353095865E-049   2.9884096589221173E-049   2.7112268739013154E-049   2.9814202133166376E-049   3.6742152399100496E-049   4.8418927320739257E-049   6.7124699621829582E-049   9.4806636114978189E-049   1.3635950905866306E-048   1.9916691340244546E-048   2.9362045637713791E-048   4.3524555456969245E-048   6.4376777498334020E-048   9.5348924486983921E-048   1.4153967536335996E-047
   5428.6754393238598        0.0000000000000000        0.0000000000000000        2.3051996068375722E-044   1.8359547306338399E-047   1.1727433536905270E-048   3.7667215214925693E-049   2.4202839157033360E-049   2.2060531220527303E-049   2.4318121897110445E-049   3.0032857914946731E-049   3.9681597190039425E-049   5.4980140871061750E-049   7.7923294206899797E-049   1.1199799089502494E-048   1.6349939307877675E-048   2.4093140426703478E-048   3.5700039708247567E-048   5.3033176101691369E-048   7.8502984755949386E-048   1.1646919539577690E-047
   7906.0432109076855        0.0000000000000000        0.0000000000000000        1.8098769680863705E-044   1.4584307475501434E-047   9.4125857073107429E-049   3.0467875896331821E-049   1.9683366887853726E-049   1.8045963226295468E-049   1.9927367505996667E-049   2.4668965989238467E-049   3.2709965481275019E-049   4.5257748954303777E-049   6.4471190937600721E-049   9.2549864335459874E-049   1.3498489845895778E-048   1.9876255271930466E-048   2.9432076807791435E-048   4.3782447417438926E-048   6.5085355836889810E-048   9.6483546910390478E-048
   11513.953993264458        0.0000000000000000        0.0000000000000000        1.4302669385872136E-044   1.1647291447690864E-047   7.5897195953619524E-049   2.4743439019910719E-049   1.6072292522279734E-049   1.4841741447928957E-049   1.6407880769193793E-049   2.0368233523767849E-049   2.7132776807027851E-049   3.7457172757808431E-049   5.3618082168383763E-049   7.6995957168812908E-049   1.1214918680340683E-048   1.6495612817572452E-048   2.4402630177139921E-048   3.6272256141683935E-048   5.4063847370899098E-048   8.0529896208583597E-048
   16768.329368110066        0.0000000000000000        0.0000000000000000        1.1367815926202956E-044   9.3458261104553770E-048   6.1455200558608203E-049   2.0168795716715112E-049   1.3173903442142570E-049   1.2271886837713500E-049   1.3575824020007603E-049   1.6907839639057949E-049   2.2656468277203618E-049   3.1180856023354078E-049   4.4545536731292051E-049   6.4526181669962955E-049   9.3818563172726820E-049   1.3779223976701339E-048   2.0357982254473904E-048   3.0228419245374013E-048   4.5012981580731598E-048   6.7139281368718468E-048
   24420.530945486498        0.0000000000000000        0.0000000000000000        9.0809077939823753E-045   7.5304432887878803E-048   4.9946964612343927E-049   1.6494502631952688E-049   1.0836052718608867E-049   1.0136089122237394E-049   1.1285466046579300E-049   1.4109921319575704E-049   1.8947626309630384E-049   2.6108748160849855E-049   3.7205404207801990E-049   5.4127204888751883E-049   7.9043148958687927E-049   1.1587843405973516E-048   1.7092687067791943E-048   2.5346291073704540E-048   3.7697990797741296E-048   5.6164376045583594E-048
   35564.803062231287        0.0000000000000000        0.0000000000000000        7.2863351985342641E-045   6.0899040746619908E-048   4.0726780905774339E-049   1.3528610111563674E-049   8.9403214558428554E-050   8.3845739318343396E-050   9.4210488793365312E-050   1.1831950328891907E-049   1.5812639922064753E-049   2.1981421494999336E-049   3.1229743724728792E-049   4.5335900757682768E-049   6.6641704373819280E-049   9.8075484612726485E-049   1.4438743206838010E-048   2.1376847449304820E-048   3.1748641789819665E-048   4.7235700121342653E-048
   51794.746792312020        0.0000000000000000        0.0000000000000000        5.8693235026719626E-045   4.9407519896043719E-048   3.3303989164721063E-049   1.1123536422688805E-049   7.3950415857428304E-050   6.9521387123299359E-050   7.8916114546548669E-050   9.9609360986465026E-050   1.3239231101612505E-049   1.8590386190316761E-049   2.6322077250413999E-049   3.8118042319767436E-049   5.5927632536907170E-049   8.2692783358618741E-049   1.2259528568271161E-048   1.8117661561739581E-048   2.6864114665479148E-048   3.9905468857011499E-048
   75431.200633546076        0.0000000000000000        0.0000000000000000        4.7443230752583865E-045   4.0198673006735212E-048   2.7304322763124840E-049   9.1660065138408704E-050   6.1298995306174463E-050   5.7749989590142583E-050   6.6118879882133052E-050   8.3121518219567245E-050   1.1109933653133240E-049   1.5584741626104740E-049   2.2250221931553655E-049   3.2135303049260636E-049   4.7053915205568456E-049   6.9454112930571586E-049   1.0299824900008473E-048   1.5340569148906691E-048   2.2806970082783841E-048   3.3820153133793772E-048
   109854.11419875573        0.0000000000000000        0.0000000000000000        3.8469047538700553E-045   3.2790759386639608E-048   2.2440346580421043E-049   7.5688509548162275E-050   5.0912318936473553E-050   4.8045397274869230E-050   5.4974790876671332E-050   6.9354261166777668E-050   9.3363688344786072E-050   1.3046432359108844E-049   1.8807116578035396E-049   2.7133024249146657E-049   3.9643529842409650E-049   5.8410041466671773E-049   8.6480710440625643E-049   1.2863424592846289E-048   1.9180816845276358E-048   2.8637716615992722E-048
   159985.87196060573        0.0000000000000000        0.0000000000000000        3.1280545161166309E-045   2.6812379811159776E-048   1.8488870668140871E-049   6.2642811163284905E-050   4.2377799478549618E-050   4.0036517416256133E-050   4.5757460176338526E-050   5.7920220127910792E-050   7.8537634688138784E-050   1.0928727005304572E-049   1.5712061044161089E-049   2.2927408870884296E-049   3.3422303236383785E-049   4.9149882234996850E-049   7.2647869019236460E-049   1.0791013868031999E-048   1.6070514718966183E-048   2.3964897916637180E-048
   232995.18105153670        0.0000000000000000        0.0000000000000000        2.5501338823076913E-045   2.1974324948972292E-048   1.5249997697357261E-049   5.1986753026550525E-050   3.5286489784076250E-050   3.3434112916186203E-050   3.8139955259340354E-050   4.8428627898539770E-050   6.6028091842215897E-050   9.1614197613558856E-050   1.3132366665719838E-049   1.9170654981957645E-049   2.8192767510042822E-049   4.1375626598696932E-049   6.1049185548763104E-049   9.0551674809139015E-049   1.3467889152970687E-048   2.0058601553643750E-048
   339322.17718953232        0.0000000000000000        0.0000000000000000        2.0839977949343007E-045   1.8049417229858734E-048   1.2548869386695386E-049   4.3288010527043947E-050   2.9247983927614220E-050   2.8005072668361373E-050   3.1859654624198575E-050   4.0569414024216582E-050   5.4990317997982218E-050   7.6899435577004233E-050   1.0986467498473888E-049   1.6000914133056181E-049   2.3570459684152546E-049   3.4862242234768238E-049   5.1342574884785775E-049   7.6038982005903323E-049   1.1293908469186271E-048   1.6798620338955103E-048
   494171.33613238280        0.0000000000000000        0.0000000000000000        1.7069143101541604E-045   1.4857967220151813E-048   1.0348320770363679E-049   3.5833548801834778E-050   2.4316937863801828E-050   2.3403728428542716E-050   2.6697662391478996E-050   3.4084440112398448E-050   4.5884667619647992E-050   6.4692365726280002E-050   9.2071500677705744E-050   1.3374070426031046E-049   1.9663778603085715E-049   2.9108007781089030E-049   4.3249246319792207E-049   6.3948046171126838E-049   9.4840639529640870E-049   1.4086750427077447E-048
   719685.67300115142        0.0000000000000000        0.0000000000000000        1.4010423381651574E-045   1.2257089999347339E-048   8.5537054109051998E-050   2.9754994174085946E-050   2.0294213920896104E-050   1.9516903960866328E-050   2.2466225459701765E-050   2.8659997051942698E-050   3.8391664742053813E-050   5.4185608073125029E-050   7.7363420706349633E-050   1.1203302925152350E-049   1.6436680720580901E-049   2.4288596787767351E-049   3.6047223750350188E-049   5.3728353490015147E-049   7.9824860524838293E-049   1.1838152304289115E-048
   1048113.1341546853        0.0000000000000000        0.0000000000000000        1.1523037732852005E-045   1.0088861132791278E-048   7.0876652820284969E-050   2.4792782839394448E-050   1.7011421410745392E-050   1.6341818340052306E-050   1.8912873858998016E-050   2.3937000057391336E-050   3.2232551043996112E-050   4.5250031615674016E-050   6.5225209996585319E-050   9.4121207646029391E-050   1.3774769027871909E-049   2.0314671216526365E-049   3.0100736852022547E-049   4.4807678184857332E-049   6.6851092360587709E-049   9.9771814030179720E-049
   1526417.9671752304        0.0000000000000000        0.0000000000000000        9.4953967905673030E-046   8.2990081225223984E-049   5.8869057225241361E-050   2.0730360493363823E-050   1.4325365385620483E-050   1.3742776734060952E-050   1.5829795406938897E-050   2.0060432034745315E-050   2.7163127081939184E-050   3.7897825145726961E-050   5.4574942988527262E-050   7.9328528306100655E-050   1.1577405720497939E-049   1.7035756137510061E-049   2.5196713429835788E-049   3.7454180052337081E-049   5.5808335395142330E-049   8.3253488992463074E-049
   2222996.4825261910        0.0000000000000000        0.0000000000000000        7.8387341392034786E-046   6.8349914118312508E-049   4.8998977178873971E-050   1.7388125762495194E-050   1.2114874304347355E-050   1.1604256215298859E-050   1.3293162160545198E-050   1.6865651868524363E-050   2.2971963493198664E-050   3.1827338120688832E-050   4.5633911039419965E-050   6.6633644426496829E-050   9.7573028011867721E-050   1.4321876509295931E-049   2.1140748827608105E-049   3.1376146769636232E-049   4.6686195319174015E-049   6.9552677916732342E-049
   3237457.5428176401        0.0000000000000000        0.0000000000000000        6.4822424037473141E-046   5.6357290930529931E-049   4.0851994507750463E-050   1.4619990013909800E-050   1.0184775400291842E-050   9.8301496357290985E-051   1.1192193650880250E-050   1.4215498517963167E-050   1.9227219352595343E-050   2.6786717003859491E-050   3.8225057929369667E-050   5.5637420956591974E-050   8.1970000846470645E-050   1.2064004781664249E-049   1.7770079657104882E-049   2.6329689532694451E-049   3.9118608458166870E-049   5.8195838866122930E-049
   4714866.3634573901        0.0000000000000000        0.0000000000000000        5.3584091036960884E-046   4.6519854258103388E-049   3.4100062366286991E-050   1.2310807875811447E-050   8.5229822272210240E-051   8.2645907369070396E-051   9.4382864034893128E-051   1.2000131391041072E-050   1.6079376493052696E-050   2.2573674430585336E-050   3.2053059649045757E-050   4.6497980471348942E-050   6.8349403602054560E-050   1.0114946106595344E-049   1.4953436387376822E-049   2.2118010033822740E-049   3.2810050618568521E-049   4.8738773570975637E-049
   6866488.4500429993        0.0000000000000000        0.0000000000000000        4.4119922873406169E-046   3.8440282159206069E-049   2.8484398614551564E-050   1.0245457844044689E-050   7.1353852280298038E-051   6.9111565972358911E-051   7.9635819735380393E-051   1.0089327488715211E-050   1.3451546955283668E-050   1.8931947955469992E-050   2.6887727752148587E-050   3.8872316863423987E-050   5.7008177053003657E-050   8.4210257975996352E-050   1.2499813144043862E-049   1.8587447951992875E-049   2.7529195773433522E-049   4.0832962400585177E-049
   9999999.9999999795        0.0000000000000000        0.0000000000000000        3.6362833256531773E-046   3.1797199121353746E-049   2.3568256557551993E-050   8.5220929089572132E-051   5.9725168334530874E-051   5.7780293920787596E-051   6.6704661694244694E-051   8.4041694008640599E-051   1.1251388108644343E-050   1.5752067907542846E-050   2.2552507654060891E-050   3.2494615538461790E-050   4.7545295967914065E-050   7.0103104532499931E-050   1.0390651720358636E-049   1.5475743073371893E-049   2.3097480074485601E-049   3.4208375959999419E-049
