   0.00000000       100.00000000000000        1000.0000000000000     
  0.10000000000000001        5.4127685002847362E-047   4.0765721472643611E-046
  0.14563484775012439        3.9383761005552537E-047   2.9782055165595595E-046
  0.21209508879201910        2.8996473827994732E-047   2.1802579777271262E-046
  0.30888435964774813        2.1249706160815253E-047   1.6019379989164780E-046
  0.44984326689694454        1.5728080486921779E-047   1.1825917895444132E-046
  0.65512855685955085        1.1644976232772044E-047   8.7342993600870150E-047
  0.95409547634999403        8.6614990049536339E-048   6.5249167592834861E-047
   1.3894954943731375        6.5071511430481731E-048   4.8421959174423448E-047
   2.0235896477251565        4.8627812808905611E-048   3.6395493723142969E-047
   2.9470517025518101        3.6782667178587081E-048   2.7422286104479092E-047
   4.2919342601287758        2.8011801485309737E-048   2.0696264098982143E-047
   6.2505519252739701        2.1285722949335884E-048   1.5790393038012611E-047
   9.1029817799152166        1.6346645054895219E-048   1.2111579020211970E-047
   13.257113655901083        1.2672773590635745E-048   9.2794851457119795E-048
   19.306977288832499        9.8787004196759142E-049   7.1780753879583238E-048
   28.117686979742281        7.7088328858083277E-049   5.6005916330938524E-048
   40.949150623804236        6.0721792789974946E-049   4.4041834720820853E-048
   59.636233165946436        4.8262322482294226E-049   3.4808155805055531E-048
   86.851137375135210        3.8703521925555138E-049   2.7596569376776260E-048
   126.48552168552959        3.1324871899633012E-049   2.2071027961218379E-048
   184.20699693267147        2.5604024036271118E-049   1.7805450940146935E-048
   268.26957952797250        2.1157838501217479E-049   1.4489312532055069E-048
   390.69399370546131        1.7701914290379633E-049   1.1892037603849802E-048
   568.98660290182931        1.5021917343145747E-049   9.8385827679304721E-049
   828.64277285468438        1.2769323258354448E-049   8.1704283506792176E-049
   1206.7926406393290        1.0943063165356766E-049   6.7726982951648594E-049
   1757.5106248547895        9.4794339772166564E-050   5.6115043728041000E-049
   2559.5479226995335        8.2284139355404701E-050   4.6307581792340867E-049
   3727.5937203149379        7.0448528882077200E-050   3.7950371150992526E-049
   5428.6754393238598        6.0162782709907149E-050   3.0852178215776091E-049
   7906.0432109076855        5.1059213300837354E-050   2.4903274710332183E-049
   11513.953993264458        4.2990086398642489E-050   2.0001167291150989E-049
   16768.329368110066        3.5681648822501784E-050   1.6020251477726944E-049
   24420.530945486498        2.9432864959613386E-050   1.2818594831939490E-049
   35564.803062231287        2.4214691080219025E-050   1.0256143236535131E-049
   51794.746792312020        1.9895069947740269E-050   8.2082421668628927E-050
   75431.200633546076        1.6338986653781037E-050   6.5679425989894520E-050
   109854.11419875573        1.3420314447180826E-050   5.2324439158742793E-050
   159985.87196060573        1.1028192477755338E-050   4.1694785444021193E-050
   232995.18105153670        9.0686261913328525E-051   3.3238578887762353E-050
   339322.17718953232        7.4634195769285226E-051   2.6516520537079026E-050
   494171.33613238280        6.1481142149217837E-051   2.1175953396505287E-050
   719685.67300115142        5.0698158340557959E-051   1.6933332819059611E-050
   1048113.1341546853        4.1852328021253127E-051   1.3561473550814559E-050
   1526417.9671752304        3.4589943036839635E-051   1.0879285150466725E-050
   2222996.4825261910        2.8575000012915625E-051   8.7430826046883898E-051
   3237457.5428176401        2.3507647663145188E-051   7.0392226267038871E-051
   4714866.3634573901        1.9354923553120614E-051   5.6779802418076396E-051
   6866488.4500429993        1.5949557570238782E-051   4.5885598846699486E-051
   9999999.9999999795        1.3155167520716322E-051   3.7150940639409486E-051
