   0.00000000       5.0000000000000009        7.4594777891030546        11.128761777224360        16.602950259484825        24.769867738841974        36.954055647382404        55.131591463785448        82.250576400402196        122.70926955994489        183.06941415989363        273.12044575796682        407.46717977629612        607.89847546594820        906.92103515356939        1353.0314636396799        2018.5816301955592        3011.5129671870409        4492.8628180655114        6702.8820801693328        10000.000000000000     
  0.10000000000000001        0.0000000000000000        0.0000000000000000        2.5866566725017129E-045   2.1128298648990696E-046   7.5320495125731662E-047   5.0651563642298184E-047   4.7524808001285724E-047   5.4653317076045645E-047   7.0061373866340990E-047   9.6185924113974311E-047   1.3615672223041410E-046   1.9742183890995635E-046   2.8997187944519007E-046   4.2801170595413479E-046   6.3221413942189878E-046   9.3717813969887844E-046   1.3926433191401632E-045   2.0727347395085858E-045   3.0886884828262848E-045   4.6069467947055901E-045
  0.14563484775012439        0.0000000000000000        0.0000000000000000        1.8841147570815089E-045   1.5451920160669273E-046   5.5215712843629150E-047   3.7147167004385329E-047   3.5150659792976554E-047   4.0070797906436530E-047   5.1659469189793167E-047   7.0599617903177324E-047   1.0071107332945497E-046   1.4534315178308525E-046   2.1245170743964037E-046   3.1318039494588128E-046   4.6403033113072118E-046   6.8973305492019531E-046   1.0274564577199796E-045   1.5326996415080691E-045   2.2829422645801708E-045   3.3961175087309792E-045
  0.21209508879201910        0.0000000000000000        0.0000000000000000        1.3606468470924575E-045   1.1238451204383877E-046   4.0453615805145795E-047   2.7397539796625344E-047   2.5766899506948297E-047   2.9629729391923997E-047   3.8025715586844148E-047   5.2328047073295243E-047   7.3953283691627770E-047   1.0711783640646683E-046   1.5721955213567496E-046   2.3250751284962118E-046   3.4382957612149427E-046   5.0938927613918208E-046   7.5657422281681345E-046   1.1255309752911158E-045   1.6765161798592585E-045   2.4996660832810047E-045
  0.30888435964774813        0.0000000000000000        0.0000000000000000        9.9659148477963006E-046   8.2665413157841887E-047   2.9818574054452463E-047   2.0201971250432287E-047   1.9155174544566302E-047   2.1948725508574873E-047   2.8349569613958092E-047   3.8616364074636494E-047   5.4980981990029428E-047   7.9720314607366908E-047   1.1637613244304557E-046   1.7138223848382688E-046   2.5372892775087973E-046   3.7688438679605838E-046   5.6109125957689992E-046   8.3654792861041892E-046   1.2486439679895872E-045   1.8629796760726532E-045
  0.44984326689694454        0.0000000000000000        0.0000000000000000        7.2336153550752352E-046   6.0531334717539387E-047   2.2049462159636613E-047   1.5070511189879541E-047   1.4201994593286695E-047   1.6312027382631672E-047   2.0977321434936096E-047   2.8885585945714317E-047   4.0859119328777251E-047   5.9059674442336152E-047   8.6556136194018850E-047   1.2786235029404274E-046   1.8978752579945667E-046   2.8189381494186569E-046   4.1826804457777941E-046   6.2167381071400350E-046   9.2522327150416209E-046   1.3784180739415313E-045
  0.65512855685955085        0.0000000000000000        0.0000000000000000        5.3309173580817262E-046   4.4757331950003502E-047   1.6334750917444284E-047   1.1168647971167943E-047   1.0608744479434006E-047   1.2262628976736094E-047   1.5729499045599640E-047   2.1514504645393508E-047   3.0525045435068526E-047   4.4330623652199954E-047   6.5016592215740956E-047   9.5576711195147164E-047   1.4129579559729028E-046   2.0961852743620406E-046   3.1173414408191911E-046   4.6431005320596820E-046   6.9239818589326279E-046   1.0335091600633792E-045
  0.95409547634999403        0.0000000000000000        0.0000000000000000        3.8922538506111987E-046   3.3090365123020177E-047   1.2238442615066723E-047   8.3855090516274576E-048   7.9942414890816296E-048   9.1583289442012633E-048   1.1817261435973749E-047   1.6168823319884538E-047   2.3077089324235061E-047   3.3239797378691103E-047   4.8594177228689586E-047   7.1647834401037635E-047   1.0618366169035361E-046   1.5787071892690906E-046   2.3523929420802968E-046   3.5098498352051924E-046   5.2161442812208645E-046   7.7607523274061791E-046
   1.3894954943731375        0.0000000000000000        0.0000000000000000        2.8838921324140908E-046   2.4584362406607846E-047   9.1094274111965081E-048   6.3065002854672034E-048   6.0000984199262039E-048   6.9245985912457519E-048   8.9029662825048168E-048   1.2280658413292836E-047   1.7324656366951815E-047   2.5067017172311864E-047   3.6766317899682931E-047   5.4348067033769820E-047   8.0598939675840519E-047   1.1933016353838711E-046   1.7714659542917345E-046   2.6341772529917323E-046   3.9222492711509110E-046   5.8462929217063841E-046
   2.0235896477251565        0.0000000000000000        0.0000000000000000        2.1243962020468900E-046   1.8424565835380965E-047   6.8656509751131995E-048   4.7564115787312681E-048   4.5567310645393208E-048   5.2793661537482370E-048   6.7840267139205094E-048   9.2745213449973167E-048   1.3161151845866077E-047   1.9117008387769141E-047   2.8008435180558053E-047   4.1170488617849679E-047   6.0864912399858805E-047   9.0300120507965810E-047   1.3430315899292827E-046   2.0005795548055340E-046   2.9837385112363751E-046   4.4543912609340578E-046
   2.9470517025518101        0.0000000000000000        0.0000000000000000        1.5814335762404923E-046   1.3749654200187103E-047   5.2001638419006292E-048   3.6275708602236234E-048   3.4922872032479581E-048   4.0115244242734504E-048   5.1862979684569392E-048   7.0840282557574280E-048   1.0103606236935333E-047   1.4580211275918082E-047   2.1296255956226264E-047   3.1380118745446020E-047   4.6485390845206813E-047   6.9089120760742720E-047   1.0292170717744488E-046   1.5354165900543667E-046   2.2879654088405837E-046   3.4026878361437877E-046
   4.2919342601287758        0.0000000000000000        0.0000000000000000        1.1800183704249555E-046   1.0385919230702337E-047   3.9364624609258536E-048   2.7774057744441850E-048   2.6656750483890562E-048   3.0812567622206541E-048   3.9724508539858804E-048   5.4657119549129491E-048   7.7417328307652378E-048   1.1176292312883441E-047   1.6367306517554364E-047   2.4167089866222216E-047   3.5862085324107573E-047   5.3380856228163721E-047   7.9165978796031662E-047   1.1760574461579765E-046   1.7496173611381343E-046   2.6058789611144742E-046
   6.2505519252739701        0.0000000000000000        0.0000000000000000        8.8227295409702329E-047   7.8741339555288905E-048   3.0121892446482241E-048   2.1287533797817374E-048   2.0561479154694777E-048   2.3897394764046635E-048   3.0738330395133705E-048   4.2319074158098663E-048   5.9760898183755573E-048   8.6535404370999068E-048   1.2700757274163669E-047   1.8785776657538734E-047   2.7737525552237286E-047   4.1080212006792168E-047   6.1008259227354263E-047   9.0755355150907382E-047   1.3519122449952779E-046   2.0160328941462737E-046
   9.1029817799152166        0.0000000000000000        0.0000000000000000        6.6750530953868170E-047   5.9723002051501903E-048   2.3271301029313161E-048   1.6479941002379769E-048   1.6010753476521602E-048   1.8683914323234058E-048   2.4005595151132075E-048   3.2859752814603387E-048   4.6578609633199478E-048   6.7615471371782219E-048   9.9227703125664685E-048   1.4573695575718786E-047   2.1533126711986326E-047   3.1933690224344402E-047   4.7482292692940382E-047   7.0713924485825883E-047   1.0544969055858332E-046   1.5741278731773224E-046
   13.257113655901083        0.0000000000000000        0.0000000000000000        5.0338666044901031E-047   4.5774381833741863E-048   1.7941885555467926E-048   1.2874385388944731E-048   1.2575722129892790E-048   1.4598345588177136E-048   1.8907726781153930E-048   2.5762757598754992E-048   3.6628581692554880E-048   5.3246933208719253E-048   7.7574552138937762E-048   1.1409600960965985E-047   1.6878249607792074E-047   2.5056941691002633E-047   3.7293360550498785E-047   5.5589964078250010E-047   8.2967723254786043E-047   1.2395466266976202E-046
   19.306977288832499        0.0000000000000000        0.0000000000000000        3.8235961265864961E-047   3.5410398609005959E-048   1.3937529587777086E-048   1.0142017812280228E-048   9.9434548421867435E-049   1.1518347858856555E-048   1.4948255531447571E-048   2.0384010505988002E-048   2.9046629695771640E-048   4.1981494817398084E-048   6.1241556516976842E-048   9.0167405538230463E-048   1.3350352605388664E-047   1.9835196674846607E-047   2.9543240962730283E-047   4.4067610703191178E-047   6.5813643935762288E-047   9.7840356863523245E-047
   28.117686979742281        0.0000000000000000        0.0000000000000000        2.9339583943514685E-047   2.7345832150505818E-048   1.0925071223600292E-048   8.0321793921381954E-049   7.8893045717122634E-049   9.1751793723762562E-049   1.1902668308892201E-048   1.6272520886676893E-048   2.3222416515922915E-048   3.3432972330824045E-048   4.8810245188524765E-048   7.1911835600498336E-048   1.0653537960616939E-047   1.5836653008436811E-047   2.3599316323145038E-047   3.5217725011467046E-047   5.2359846133547517E-047   7.7869669383969386E-047
   40.949150623804236        0.0000000000000000        0.0000000000000000        2.2593843988288419E-047   2.1260928697328798E-048   8.6357803847502351E-049   6.3940052810356563E-049   6.3233370428967298E-049   7.3794901511770400E-049   9.5766349620964113E-049   1.3108137668920804E-048   1.8712284596611631E-048   2.6898432633335722E-048   3.9280484341752638E-048   5.7885967730789807E-048   8.5777131337939593E-048   1.2753858409253847E-047   1.9009993526902853E-047   2.8337711237590032E-047   4.2094203784267125E-047   6.2615619317580698E-047
   59.636233165946436        0.0000000000000000        0.0000000000000000        1.7411016831477797E-047   1.6671805614966021E-048   6.8803782141071676E-049   5.1409214195292760E-049   5.1222315327142464E-049   5.9962259938552063E-049   7.7914216270786562E-049   1.0660936668599168E-048   1.5220679236915736E-048   2.1878637425012819E-048   3.1938609862707950E-048   4.7056059466999981E-048   6.9719380071518692E-048   1.0365320931423818E-047   1.5449135477182166E-047   2.3044092620954730E-047   3.4225322118141102E-047   5.0904773279181544E-047
   86.851137375135210        0.0000000000000000        0.0000000000000000        1.3536776889937759E-047   1.3174616174182319E-048   5.5235125455402685E-049   4.1765148323210330E-049   4.1977483510056714E-049   4.9281687526771332E-049   6.4192390445668151E-049   8.7643700745427099E-049   1.2496123542116179E-048   1.8016043493048873E-048   2.6270934687743889E-048   3.8675120525411172E-048   5.7267892154180869E-048   8.5100180178022690E-048   1.2679046348454077E-047   1.8918308357848347E-047   2.8183317787832273E-047   4.1897358700270759E-047
   126.48552168552959        0.0000000000000000        0.0000000000000000        1.0606957782089779E-047   1.0483746388839220E-048   4.4669561982020968E-049   3.4311145088687980E-049   3.4862672324741281E-049   4.1050530576083052E-049   5.3596806489235079E-049   7.2974025901114674E-049   1.0376115952549273E-048   1.5054184461422266E-048   2.1906660763078448E-048   3.2201373410386018E-048   4.7625993447673468E-048   7.0703291679869602E-048   1.0525601557639923E-047   1.5693626111616271E-047   2.3431380394061629E-047   3.4990999953260283E-047
   184.20699693267147        0.0000000000000000        0.0000000000000000        8.3676242218293064E-048   8.3941834950923795E-049   3.6383587410209119E-049   2.8521155035782769E-049   2.9150010031396765E-049   3.4764125215716413E-049   4.5033351743882137E-049   6.1727516243194183E-049   8.7368602181960473E-049   1.2671850903854276E-048   1.8580633553481398E-048   2.7244568478316846E-048   4.0216591148820403E-048   5.9606533611452102E-048   8.8615805645061454E-048   1.3196100359826368E-047   1.9680430225491924E-047   2.9388588657759576E-047
   268.26957952797250        0.0000000000000000        0.0000000000000000        6.6391596377963649E-048   6.7568473950830958E-049   2.9836158359848773E-049   2.3786292651206465E-049   2.4655524751868518E-049   2.9600612620525041E-049   3.8476611720497854E-049   5.3295901106932750E-049   7.4898718455726740E-049   1.0812526035701461E-048   1.5840304812442357E-048   2.3406730689081532E-048   3.4632585297195330E-048   5.1200801787267985E-048   7.5958320412640588E-048   1.1289220606682390E-047   1.6807088828574684E-047   2.5058587130427073E-047
   390.69399370546131        0.0000000000000000        0.0000000000000000        5.2773002746607479E-048   5.4622836547707500E-049   2.4616770885953619E-049   2.0044203091753307E-049   2.1202148034777179E-049   2.5610068467197466E-049   3.3612101978473423E-049   4.6072856361999478E-049   6.5762814409386492E-049   9.4265856235758354E-049   1.3741216480446385E-048   2.0230066823569523E-048   2.9964518617523419E-048   4.4545607941298683E-048   6.6410613963589534E-048   9.8797691340701273E-048   1.4670077945465931E-047   2.1821013057428130E-047
   568.98660290182931        0.0000000000000000        0.0000000000000000        4.2026486889547841E-048   4.4297979081957753E-049   2.0410882488700969E-049   1.7072838125337820E-049   1.8606260636510862E-049   2.2714043052360960E-049   2.9713681831362272E-049   4.0824368419681671E-049   5.7683491540411540E-049   8.3544425712709801E-049   1.2242009601103081E-048   1.7923580522295237E-048   2.6433661906280286E-048   3.9154446882452982E-048   5.8197756988844649E-048   8.6646329498665153E-048   1.2921755108847443E-047   1.9299217680422822E-047
   828.64277285468438        0.0000000000000000        0.0000000000000000        3.3607611388272644E-048   3.6000188586419672E-049   1.6978274758928010E-049   1.4689344493122163E-049   1.6252495615105506E-049   2.0159610675563309E-049   2.6646771497606917E-049   3.6712393857622940E-049   5.2105645086711739E-049   7.4699140682613457E-049   1.0890133602644789E-048   1.6037677309284550E-048   2.3766128492620523E-048   3.5349611376482150E-048   5.2466584341543447E-048   7.7796418142455622E-048   1.1559868600259567E-047   1.7209902974590867E-047
   1206.7926406393290        0.0000000000000000        0.0000000000000000        2.6970513438909855E-048   2.9294248576997357E-049   1.4140352699932588E-049   1.2615992456776822E-049   1.4420675898782609E-049   1.8303085081489215E-049   2.4253893622652048E-049   3.3454225024988947E-049   4.7142801153508237E-049   6.8115432498871150E-049   9.9786335580542729E-049   1.4580710680141634E-048   2.1476677893171135E-048   3.1783682861721840E-048   4.7224201380245239E-048   7.0280491207081587E-048   1.0479041174042183E-047   1.5652022923505673E-047
   1757.5106248547895        0.0000000000000000        0.0000000000000000        2.1714928858112733E-048   2.3859325810876813E-049   1.1771017667688218E-049   1.0753937768974414E-049   1.2805941321639396E-049   1.6544274205860049E-049   2.2324826517946875E-049   3.0688297375637841E-049   4.3658889049488341E-049   6.2420897693185304E-049   9.0573756710705382E-049   1.3296450764862160E-048   1.9661436233945308E-048   2.9196182587031729E-048   4.3514944770871076E-048   6.4566251443322834E-048   9.5817336837585782E-048   1.4253910389024381E-047
   2559.5479226995335        0.0000000000000000        0.0000000000000000        1.7540609703236045E-048   1.9453030813142303E-049   9.7856548144146797E-050   9.1603616326945883E-050   1.1294213116464171E-049   1.5212551034231413E-049   2.0496634492721748E-049   2.8616456508697808E-049   4.0028113515019684E-049   5.7389499492583938E-049   8.3661349922708323E-049   1.2326147711369581E-048   1.8082418136385755E-048   2.6676514972040753E-048   3.9556905650933359E-048   5.8753910513270775E-048   8.7471934144098129E-048   1.3053001102313037E-047
   3727.5937203149379        0.0000000000000000        0.0000000000000000        1.4217470702692796E-048   1.5885166501965693E-049   8.1222591411213462E-050   7.7783783227284816E-050   1.0000941376613618E-049   1.3673219633649342E-049   1.9022921581017101E-049   2.6246626460104396E-049   3.6985300448162340E-049   5.3304218317660970E-049   7.6679302000384430E-049   1.1191627015905369E-048   1.6483485931233127E-048   2.4402520441227744E-048   3.6302699600411993E-048   5.4079148225158626E-048   8.0567534174128939E-048   1.1970583867733133E-047
   5428.6754393238598        0.0000000000000000        0.0000000000000000        1.1566662663617388E-048   1.3001585836770731E-049   6.6985994422254113E-050   6.5790625338279751E-050   8.6110614168439808E-050   1.2395341843768638E-049   1.7314247060426127E-049   2.4173308944130886E-049   3.4029719748398431E-049   4.8267437956417063E-049   6.9818815394826995E-049   1.0234995169030020E-048   1.5099025961768316E-048   2.2193602696346322E-048   3.2842753176770448E-048   4.8678751474381089E-048   7.2365084360194001E-048   1.0791610221481151E-047
   7906.0432109076855        0.0000000000000000        0.0000000000000000        9.4482292759997089E-049   1.0675528539699009E-049   5.5322375243318118E-050   5.4830747022718574E-050   7.3789571477610326E-050   1.0898797452486128E-049   1.5714274498240803E-049   2.1978239603911771E-049   3.0702914006370928E-049   4.3895120056608356E-049   6.2999588944699152E-049   9.1461508381318181E-049   1.3425927466891441E-048   1.9828574260124278E-048   2.9467521138151460E-048   4.3845178111730136E-048   6.5245379394452403E-048   9.6953962305626566E-048
   11513.953993264458        0.0000000000000000        0.0000000000000000        7.7523691770352871E-049   8.8027919095192185E-050   4.5830148597119844E-050   4.5673140409607856E-050   6.2863453831544394E-050   9.5438122611914627E-050   1.3941223413849298E-049   1.9649149309230460E-049   2.7512188706970085E-049   3.8747427754897228E-049   5.5763538970919241E-049   8.1510518766856857E-049   1.1901790752925656E-048   1.7474446086603932E-048   2.5863382194838231E-048   3.8330408323178087E-048   5.7000377907189335E-048   8.5089186759373599E-048
   16768.329368110066        0.0000000000000000        0.0000000000000000        6.3927373232575841E-049   7.2982356829720406E-050   3.8155962874759579E-050   3.8112048628018965E-050   5.3310256035843928E-050   8.2334467078068507E-050   1.2297891658445282E-049   1.7234559587908979E-049   2.4078998179320212E-049   3.4020750390690052E-049   4.8443118103378946E-049   7.0311499814014673E-049   1.0325903982500282E-048   1.5261421343615656E-048   2.2541924406062045E-048   3.3283045689358127E-048   4.9344638265699008E-048   7.3504815441610733E-048
   24420.530945486498        0.0000000000000000        0.0000000000000000        5.3010952157773574E-049   6.0925847699622855E-050   3.1994882259202048E-050   3.1937384761905824E-050   4.4542462776702991E-050   6.9556569570871253E-050   1.0502013775368465E-049   1.4976588264198921E-049   2.0688384989087239E-049   2.9237259703065872E-049   4.1707773375002502E-049   6.0154036811354557E-049   8.7949216199697042E-049   1.2954176335803438E-048   1.9233371081055374E-048   2.8584324983731450E-048   4.2332117059050173E-048   6.2943998478132545E-048
   35564.803062231287        0.0000000000000000        0.0000000000000000        4.3926354477177499E-049   5.1293205783404576E-050   2.7087994576740193E-050   2.6943093308185474E-050   3.7219440806647036E-050   5.8419677058593551E-050   8.8815144201992216E-050   1.2698051455653935E-049   1.7605926619690266E-049   2.4689887190583789E-049   3.5427130073319172E-049   5.1026929299951700E-049   7.4323588960324671E-049   1.0915770049867523E-048   1.6176355911006597E-048   2.3996180702841045E-048   3.5725396750512297E-048   5.3422279236460936E-048
   51794.746792312020        0.0000000000000000        0.0000000000000000        3.6475879083389832E-049   4.3510294522647303E-050   2.3178651408701203E-050   2.2934762359565137E-050   3.1168103879295942E-050   4.8872302739840203E-050   7.4507988710681545E-050   1.0634477785257987E-049   1.4852544079284695E-049   2.0704814139521729E-049   2.9582073711677343E-049   4.2985131755439642E-049   6.2413738796213247E-049   9.1447937916854699E-049   1.3530717324762685E-048   2.0040316927033526E-048   2.9797711049129763E-048   4.4521281471041757E-048
   75431.200633546076        0.0000000000000000        0.0000000000000000        3.0415385141370183E-049   3.6705272460371139E-050   1.9701552429838529E-050   1.9401223329921485E-050   2.6186658962175853E-050   4.0798357107311668E-050   6.2131687017605107E-050   8.8518163428025886E-050   1.2410377100273593E-049   1.7274311478485372E-049   2.4598765567327853E-049   3.5746583613063906E-049   5.2189390201462233E-049   7.6313956400967625E-049   1.1276408857813839E-048   1.6679017606693829E-048   2.4771844019818168E-048   3.6984952203620211E-048
   109854.11419875573        0.0000000000000000        0.0000000000000000        2.5454819009998879E-049   3.1189594732223666E-050   1.6921846511456539E-050   1.6492796007554303E-050   2.2079403331914000E-050   3.4029198743530640E-050   5.1612976117514915E-050   7.3378525121794442E-050   1.0263797010549877E-049   1.4365440196656667E-049   2.0402028074618507E-049   2.9598104058400652E-049   4.3454443132748094E-049   6.3541971309147496E-049   9.3779418843076780E-049   1.3854119619450609E-048   2.0554791472177817E-048   3.0667768833576052E-048
   159985.87196060573        0.0000000000000000        0.0000000000000000        2.1361769311537226E-049   2.6670822089779171E-050   1.4683319682784238E-050   1.4113369245415545E-050   1.8671012878697021E-050   2.8377710964488978E-050   4.2787028637799196E-050   6.0687199682268165E-050   8.4728374659941347E-050   1.1925171024090007E-049   1.6897628109244558E-049   2.4478395747957338E-049   3.5892602811457204E-049   5.2849721034212859E-049   7.7910940914363347E-049   1.1496584191601583E-048   1.7039825350048508E-048   2.5406324580606762E-048
   232995.18105153670        0.0000000000000000        0.0000000000000000        1.7955518448431672E-049   2.2908181915677519E-050   1.2673384342036917E-050   1.2136104122077870E-050   1.5610606652075813E-050   2.3481622524351574E-050   3.5336622781687357E-050   5.0141450221943990E-050   6.9884687378396003E-050   9.8920436541369243E-050   1.3986916030720627E-049   2.0233950790967360E-049   2.9632862532990938E-049   4.3728427253066863E-049   6.4704643331981465E-049   9.5370167679421094E-049   1.4121269411798103E-048   2.1040384222460984E-048
   339322.17718953232        0.0000000000000000        0.0000000000000000        1.5100366251627509E-049   1.9386075660328791E-050   1.0849984999899167E-050   1.0305067994826496E-050   1.3038118122786052E-050   1.9406524313354245E-050   2.9074057916726678E-050   4.1425758157584628E-050   5.7632742128906027E-050   8.1745889309613939E-050   1.1577068319432826E-049   1.6724378741044597E-049   2.4463013982445504E-049   3.6065666430317634E-049   5.3618907628411931E-049   7.9119804070094754E-049   1.1703225888620280E-048   1.7425223995446427E-048
   494171.33613238280        0.0000000000000000        0.0000000000000000        1.2572587269460219E-049   1.6353956747621046E-050   9.2964666813714366E-051   8.7030570605512659E-051   1.0884211688744976E-050   1.6039268020988292E-050   2.3929642764132236E-050   3.4243947907260725E-050   4.7544132263370158E-050   6.7329248370720965E-050   9.5857251571684292E-050   1.3827136521011800E-049   2.0199474688766868E-049   2.9750844165875481E-049   4.4199793997422083E-049   6.5662633317332840E-049   9.7025575837106387E-049   1.4435689219305343E-048
   719685.67300115142        0.0000000000000000        0.0000000000000000        1.0440531030237995E-049   1.3776509137229090E-050   7.9548689313418894E-051   7.3400813474415072E-051   9.0792714374293579E-051   1.3258791877185434E-050   1.9707823294960596E-050   2.8334027806503161E-050   3.9247010333950329E-050   5.5479149065090248E-050   7.9420191029221333E-050   1.1437760675050506E-049   1.6686577534512252E-049   2.4551364060333025E-049   3.6447873787406471E-049   5.4141746398656468E-049   8.0486665517921365E-049   1.1965657328878144E-048
   1048113.1341546853        0.0000000000000000        0.0000000000000000        8.6664443675764905E-050   1.1583764712505921E-050   6.7179924569640688E-051   6.1787986803951496E-051   7.5683150290736432E-051   1.0964418269069689E-050   1.6244071382788252E-050   2.3348756375758658E-050   3.2426210566443943E-050   4.5743662661070792E-050   6.5837591304286820E-050   9.4682626214154089E-050   1.3793636981962467E-049   2.0272408590023479E-049   3.0071385758311673E-049   4.4634537976235777E-049   6.6477740660756302E-049   9.9258927253909594E-049
   1526417.9671752304        0.0000000000000000        0.0000000000000000        7.1922274791679504E-050   9.7227284185667848E-051   5.6246596597169875E-051   5.1914537334828680E-051   6.3059545586819195E-051   9.0721624611614430E-051   1.3401714175062789E-050   1.9223825604128836E-050   2.6818462501390979E-050   3.7746161745472884E-050   5.4233465705324669E-050   7.8450710871238253E-050   1.1411610006871210E-049   1.6751653647462116E-049   2.4827416289054565E-049   3.6819979202122357E-049   5.4798765917030589E-049   8.1979233041453999E-049
   2222996.4825261910        0.0000000000000000        0.0000000000000000        5.9689691981512248E-050   8.1365411446434651E-051   4.7001992695357658E-051   4.3463221627689042E-051   5.2535274191609374E-051   7.5119628224272193E-051   1.1068101020878857E-050   1.5841894091957411E-050   2.2205844788842666E-050   3.1174868965907159E-050   4.4707419087954678E-050   6.5070148058429447E-050   9.4499554424061060E-050   1.3854435324942097E-049   2.0514534802493220E-049   3.0396492039153246E-049   4.5203540359618220E-049   6.7585696260826363E-049
   3237457.5428176401        0.0000000000000000        0.0000000000000000        4.9551733260758012E-050   6.7408610253304673E-051   3.9218896624404812E-051   3.6025842404224033E-051   4.3611155719564060E-051   6.2255199693749304E-051   9.1508206692815628E-051   1.3067430169239281E-050   1.8409011699386513E-050   2.5772913176339556E-050   3.6884867250974655E-050   5.3809239840417554E-050   7.8338105805030947E-050   1.1469470192177596E-049   1.6966328810503843E-049   2.5115035507838667E-049   3.7318415752006582E-049   5.5761894487907839E-049
   4714866.3634573901        0.0000000000000000        0.0000000000000000        4.1156681244428915E-050   5.5830146356774141E-051   3.2693578495097518E-051   2.9850836319832033E-051   3.6022689448597483E-051   5.1644950220229326E-051   7.5742744808871904E-051   1.0789643061380127E-050   1.5253295049729710E-050   2.1329356839799200E-050   3.0458080601265111E-050   4.4367123054416839E-050   6.5014884930266596E-050   9.5050948780732489E-050   1.4045751105750330E-049   2.0770580684977033E-049   3.0835881802422238E-049   4.6045284094267834E-049
   6866488.4500429993        0.0000000000000000        0.0000000000000000        3.4207908900563132E-050   4.6242133700744512E-051   2.7241761199428265E-051   2.4733859309508781E-051   2.9768616015016463E-051   4.2889464153027084E-051   6.2767080321617444E-051   8.9180940514610565E-051   1.2573991098529704E-050   1.7671354958306846E-050   2.5174793788288094E-050   3.6612315469744276E-050   5.3800226742416768E-050   7.8859927570164044E-050   1.1640212318994099E-049   1.7194732208239889E-049   2.5503443064866967E-049   3.8056107679836866E-049
   9999999.9999999795        0.0000000000000000        0.0000000000000000        2.8456731291407370E-050   3.8312142472777755E-051   2.2698670023263287E-051   2.0499298676800668E-051   2.4615348646174775E-051   3.5473076503007622E-051   5.2077057662502418E-051   7.3789992375788967E-051   1.0374267939861000E-050   1.4657454849419214E-050   2.0828493848580048E-050   3.0239509043015258E-050   4.4377141374407031E-050   6.5503818761995342E-050   9.6573707446082052E-050   1.4249410489287536E-049   2.1114111488252806E-049   3.1483083065391782E-049
