   0.00000000       100.00000000000000        1000.0000000000000     
  0.10000000000000001        5.3925725940374736E-047   4.0603430086443057E-046
  0.14563484775012439        3.9209055606272807E-047   2.9671495613314691E-046
  0.21209508879201910        2.8875699716959794E-047   2.1705836210882529E-046
  0.30888435964774813        2.1143005271069877E-047   1.5952438590605100E-046
  0.44984326689694454        1.5653117982844998E-047   1.1765967355029027E-046
  0.65512855685955085        1.1576936879167445E-047   8.6921329235767205E-047
  0.95409547634999403        8.6128682044602668E-048   6.4860178050604790E-047
   1.3894954943731375        6.4614444130956515E-048   4.8143587485545155E-047
   2.0235896477251565        4.8294981100366500E-048   3.6192163554341580E-047
   2.9470517025518101        3.6535284268259833E-048   2.7227789085412390E-047
   4.2919342601287758        2.7768346928162211E-048   2.0551542237066500E-047
   6.2505519252739701        2.1100918498321064E-048   1.5680615019594691E-047
   9.1029817799152166        1.6203539296308859E-048   1.2000869454227343E-047
   13.257113655901083        1.2559812752927207E-048   9.1937399768748238E-048
   19.306977288832499        9.7586498438768409E-049   7.1104046547281407E-048
   28.117686979742281        7.6113482087988584E-049   5.5462003261239883E-048
   40.949150623804236        5.9913046179482560E-049   4.3596674402720165E-048
   59.636233165946436        4.7576217864190352E-049   3.4312401128769034E-048
   86.851137375135210        3.8107323565937736E-049   2.7177137701599892E-048
   126.48552168552959        3.0792877925481668E-049   2.1708000912691425E-048
   184.20699693267147        2.5114901455188900E-049   1.7483560339813659E-048
   268.26957952797250        2.0692548670539532E-049   1.4196566719227932E-048
   390.69399370546131        1.7241948360904004E-049   1.1618910347548780E-048
   568.98660290182931        1.4547714255093430E-049   9.5777160033497554E-049
   828.64277285468438        1.2409307489493371E-049   7.9392563331802067E-049
   1206.7926406393290        1.0553023635386025E-049   6.5937478122245681E-049
   1757.5106248547895        9.0464475279700267E-050   5.4393095848426437E-049
   2559.5479226995335        7.7934048319528524E-050   4.4686900968680763E-049
   3727.5937203149379        6.6756928645002829E-050   3.6476369037349486E-049
   5428.6754393238598        5.6324390771091911E-050   2.9562565311536380E-049
   7906.0432109076855        4.7235848353788326E-050   2.3813835319862219E-049
   11513.953993264458        3.9348024951204624E-050   1.9104610564239809E-049
   16768.329368110066        3.2588542856940445E-050   1.5294397798530601E-049
   24420.530945486498        2.6882082622806662E-050   1.2200885938462095E-049
   35564.803062231287        2.2125328694709851E-050   9.7106545265929532E-050
   51794.746792312020        1.8194842296903371E-050   7.7318408646258890E-050
   75431.200633546076        1.4963667202605558E-050   6.1586692864223910E-050
   109854.11419875573        1.2313900419934644E-050   4.9070120583103792E-050
   159985.87196060573        1.0096809760783987E-050   3.9108784394830017E-050
   232995.18105153670        8.2812255515552621E-051   3.1183266872606316E-050
   339322.17718953232        6.7971581758254426E-051   2.4880666557446282E-050
   494171.33613238280        5.5835492164824431E-051   1.9870369107559888E-050
   719685.67300115142        4.5905534531871801E-051   1.5887256733824600E-050
   1048113.1341546853        3.7775337672606511E-051   1.2719299192063765E-050
   1526417.9671752304        3.1113862413922772E-051   1.0197610740725321E-050
   2222996.4825261910        2.5651550313742817E-051   8.1881565757326650E-051
   3237457.5428176401        2.1168924214710562E-051   6.5848239308641573E-051
   4714866.3634573901        1.7487244917332327E-051   5.2897598822721843E-051
   6866488.4500429993        1.4460882304263289E-051   4.2571662153659009E-051
   9999999.9999999795        1.1971106074767399E-051   3.4335943651669935E-051
