   0.00000000       100.00000000000000        5000.0000000000000     
  0.10000000000000001        6.1010179595818263E-047   2.3258072568067018E-045
  0.14563484775012439        4.4958252753503667E-047   1.7015671380039112E-045
  0.21209508879201910        3.3162266374546068E-047   1.2610395378105013E-045
  0.30888435964774813        2.4565832744880933E-047   9.3197644771611286E-046
  0.44984326689694454        1.8349713088325303E-047   6.9414614037791827E-046
  0.65512855685955085        1.3661160292143313E-047   5.2049909879952062E-046
  0.95409547634999403        1.0299362386920165E-047   3.8956058128262985E-046
   1.3894954943731375        7.7744099880548544E-048   2.9509453355900957E-046
   2.0235896477251565        5.8891016041203762E-048   2.2438397905891043E-046
   2.9470517025518101        4.5098435254035094E-048   1.7081066345845560E-046
   4.2919342601287758        3.4796751662019574E-048   1.3141180890406901E-046
   6.2505519252739701        2.6800223326755747E-048   1.0206500492855914E-046
   9.1029817799152166        2.0849637452729984E-048   7.9579110364921403E-047
   13.257113655901083        1.6371247466314018E-048   6.2267812895246711E-047
   19.306977288832499        1.2967609246510158E-048   4.9194899720636219E-047
   28.117686979742281        1.0359202568120628E-048   3.9234879441437891E-047
   40.949150623804236        8.3467732842922391E-049   3.1593002852086439E-047
   59.636233165946436        6.7866359453424710E-049   2.5701447366253212E-047
   86.851137375135210        5.5742568813436162E-049   2.1151139324836397E-047
   126.48552168552959        4.6332589781471153E-049   1.7646756767670690E-047
   184.20699693267147        3.9081025983102778E-049   1.4977490188588661E-047
   268.26957952797250        3.3594168674895491E-049   1.2800688888423806E-047
   390.69399370546131        2.9274883932382095E-049   1.1117977472809793E-047
   568.98660290182931        2.5767969826401161E-049   9.9271726604013629E-048
   828.64277285468438        2.3304123338579312E-049   8.8572428148820253E-048
   1206.7926406393290        2.1021399065237570E-049   8.1457394086453407E-048
   1757.5106248547895        1.9358445782257396E-049   7.4411201538494525E-048
   2559.5479226995335        1.7816288510031554E-049   6.9065710179788057E-048
   3727.5937203149379        1.6356512665329310E-049   6.4270708446941530E-048
   5428.6754393238598        1.5068623566959247E-049   5.8889881728492080E-048
   7906.0432109076855        1.3496800245540884E-049   5.4099459039162574E-048
   11513.953993264458        1.2077896062631707E-049   4.8262383822620645E-048
   16768.329368110066        1.0513101751208410E-049   4.2942862306758621E-048
   24420.530945486498        9.0278236185704368E-050   3.7003431396946477E-048
   35564.803062231287        7.6900989101577850E-050   3.1536217665221018E-048
   51794.746792312020        6.5067155191352506E-050   2.6654728345068521E-048
   75431.200633546076        5.4351286479066445E-050   2.2383554436700774E-048
   109854.11419875573        4.5147739331806450E-050   1.8715066065333150E-048
   159985.87196060573        3.7455003594984271E-050   1.5477177508234611E-048
   232995.18105153670        3.1049865768977907E-050   1.2779496895249644E-048
   339322.17718953232        2.5729350427939046E-050   1.0546115660625391E-048
   494171.33613238280        2.1317519148422446E-050   8.7021609358870425E-049
   719685.67300115142        1.7664604166527148E-050   7.1824613624342655E-049
   1048113.1341546853        1.4643700511790564E-050   5.9313684260924010E-049
   1526417.9671752304        1.2147525345027461E-050   4.9019468846767254E-049
   2222996.4825261910        1.0057009474845701E-050   4.0549724557124492E-049
   3237457.5428176401        8.2906578627514176E-051   3.3578989410559914E-049
   4714866.3634573901        6.8395705203902883E-051   2.7838666524915040E-049
   6866488.4500429993        5.6470744015773199E-051   2.3105695424144102E-049
   9999999.9999999795        4.6666036398399883E-051   1.9046427723962285E-049
