   0.00000000       10.000000000000000        100.00000000000000        1000.0000000000000        10000.000000000000     
  0.10000000000000001        7.2083022720974461E-045   8.9602082413448376E-045   8.9253939428801984E-045   8.9177831634891375E-045
  0.14563484775012439        5.2423931494469093E-045   6.5969527338936095E-045   6.5712030043857499E-045   6.5645095285991934E-045
  0.21209508879201910        3.7897734821392570E-045   4.8144960163748786E-045   4.7935084162717800E-045   4.7889229968538516E-045
  0.30888435964774813        2.7666572317256216E-045   3.5638806417224108E-045   3.5491897509610696E-045   3.5459803212687219E-045
  0.44984326689694454        2.0131043237200812E-045   2.6248312022087730E-045   2.6116539189235774E-045   2.6087781275942371E-045
  0.65512855685955085        1.4782026306704958E-045   1.9528091545048727E-045   1.9434295097582148E-045   1.9413831384148178E-045
  0.95409547634999403        1.0819368679695512E-045   1.4571721188718643E-045   1.4484840207804317E-045   1.4465915790425333E-045
   1.3894954943731375        8.0120788189587815E-046   1.0893446064875908E-045   1.0830481243099621E-045   1.0816774476825600E-045
   2.0235896477251565        5.8957622208007611E-046   8.2426811724714747E-046   8.1961135459439772E-046   8.1859854010294839E-046
   2.9470517025518101        4.3985581801689160E-046   6.2222251687862595E-046   6.1772633516371105E-046   6.1675085308527880E-046
   4.2919342601287758        3.2678364360863321E-046   4.7301683459585008E-046   4.6962516502056684E-046   4.6889016439359975E-046
   6.2505519252739701        2.4487976010770847E-046   3.6338887290841193E-046   3.6078064294874454E-046   3.6021617330255516E-046
   9.1029817799152166        1.8512562899654955E-046   2.8084018719991613E-046   2.7815914674701982E-046   2.7758095574757150E-046
   13.257113655901083        1.3932939792380248E-046   2.1701862650542272E-046   2.1490775044887514E-046   2.1445306476036405E-046
   19.306977288832499        1.0605516493864153E-046   1.6935384763837893E-046   1.6765922445910035E-046   1.6729456518944189E-046
   28.117686979742281        8.1537081001050260E-047   1.3336871413097717E-046   1.3198167237554114E-046   1.3168338600783986E-046
   40.949150623804236        6.2450812339386924E-047   1.0594695444016333E-046   1.0478888867529344E-046   1.0453985527854060E-046
   59.636233165946436        4.8232960628664222E-047   8.4887545516898984E-047   8.3899929191688813E-047   8.3687394974559677E-047
   86.851137375135210        3.7585527840888130E-047   6.8615725227309439E-047   6.7753297920087610E-047   6.7567395608902448E-047
   126.48552168552959        2.9523046117692755E-047   5.5992610342620101E-047   5.5218456401252462E-047   5.5051135059762819E-047
   184.20699693267147        2.3355962279421064E-047   4.6188258590046246E-047   4.5469868978874931E-047   4.5314036612602865E-047
   268.26957952797250        1.8543709581807594E-047   3.8596644074682592E-047   3.7902168826557644E-047   3.7750877819655019E-047
   390.69399370546131        1.4773538615544388E-047   3.2779435439606450E-047   3.2073179294137311E-047   3.1918656222433479E-047
   568.98660290182931        1.1842419635505746E-047   2.8430978924790105E-047   2.7666618527698307E-047   2.7498831078094956E-047
   828.64277285468438        9.5401446319090685E-048   2.4665165569006020E-047   2.4056516145890655E-047   2.3921375261716314E-047
   1206.7926406393290        7.7147795234618558E-048   2.1930116425288963E-047   2.1198743403448047E-047   2.1036440792171368E-047
   1757.5106248547895        6.2564297027403656E-048   1.9712776677050708E-047   1.9063586722533157E-047   1.8918425237012435E-047
   2559.5479226995335        5.0852809137156106E-048   1.7946082506416309E-047   1.7089866806818093E-047   1.6900410683022575E-047
   3727.5937203149379        4.1423803850387674E-048   1.6358438668625598E-047   1.5555998752048529E-047   1.5378185197895718E-047
   5428.6754393238598        3.3828028976422216E-048   1.5091019773192267E-047   1.4005075327766445E-047   1.3769635235393331E-047
   7906.0432109076855        2.7711185081555079E-048   1.3623941595614039E-047   1.2646034456507585E-047   1.2433311488109896E-047
   11513.953993264458        2.2787007338555618E-048   1.2384565239458466E-047   1.1201148988907270E-047   1.0941922623075640E-047
   16768.329368110066        1.8795586848030172E-048   1.0906576352190565E-047   9.9372285478811677E-048   9.6359632394596780E-048
   24420.530945486498        1.5488150478002649E-048   9.5644791924922536E-048   8.5878174621825427E-048   8.3616645537126658E-048
   35564.803062231287        1.2804540533885388E-048   8.2522008464979591E-048   7.3979261387707402E-048   7.1661136208650275E-048
   51794.746792312020        1.0617886454519178E-048   6.9731876301235075E-048   6.3694932606968467E-048   6.1395418256191727E-048
   75431.200633546076        8.8261804482057004E-049   5.8523956186785967E-048   5.4382924198367490E-048   5.2619421584796403E-048
   109854.11419875573        7.3490438371812484E-049   4.8854195490539111E-048   4.5949016795976529E-048   4.4524637664737757E-048
   159985.87196060573        6.1245858406901618E-049   4.0628841029333005E-048   3.8775862834263423E-048   3.7471888202701029E-048
   232995.18105153670        5.1057854460190153E-049   3.3709400605026156E-048   3.2655862210857912E-048   3.1478850575133468E-048
   339322.17718953232        4.2566492944319029E-049   2.7935189304373126E-048   2.7432921996306103E-048   2.6383898037798909E-048
   494171.33613238280        3.5362676160670324E-049   2.3129491646403102E-048   2.2989165556738240E-048   2.2063929922397211E-048
   719685.67300115142        2.9216276233651665E-049   1.9034262639056569E-048   1.9066655785063702E-048   1.8417995507790222E-048
   1048113.1341546853        2.4143574044552346E-049   1.5670805020604372E-048   1.5772807620574675E-048   1.5304631684248177E-048
   1526417.9671752304        1.9959767462812735E-049   1.2910206073717068E-048   1.3041623928040521E-048   1.2640284497848613E-048
   2222996.4825261910        1.6510445516571020E-049   1.0644653662184008E-048   1.0782874024014897E-048   1.0439108478050746E-048
   3237457.5428176401        1.3666969271979280E-049   8.7848533725478963E-049   8.9180597990478068E-049   8.6235364869612728E-049
   4714866.3634573901        1.1322578375697570E-049   7.2573116991578894E-049   7.3799785618843557E-049   7.1274098042180113E-049
   6866488.4500429993        9.3889816774257225E-050   6.0017749786563292E-049   6.1118761830627839E-049   5.8949955409357577E-049
   9999999.9999999795        7.7933655505686573E-050   4.9689549719593851E-049   5.0663137742406815E-049   4.8797863045342485E-049
