   0.00000000       122.00000000000000        4492.0000000000000     
  0.10000000000000001        6.9497348756570134E-047   2.0680441067028417E-045
  0.14563484775012439        5.1153010674695752E-047   1.5290220793348920E-045
  0.21209508879201910        3.7665627013047056E-047   1.1217404459469541E-045
  0.30888435964774813        2.8014380952120346E-047   8.3350358645310483E-046
  0.44984326689694454        2.0731277019605908E-047   6.1847448106263509E-046
  0.65512855685955085        1.5545202066886440E-047   4.6166770259291049E-046
  0.95409547634999403        1.1634927948879446E-047   3.4812856498410438E-046
   1.3894954943731375        8.7608264691093721E-048   2.6098579206235827E-046
   2.0235896477251565        6.6706525135283853E-048   1.9796195725324684E-046
   2.9470517025518101        5.0650316939959202E-048   1.5161959931032101E-046
   4.2919342601287758        3.8710985725479226E-048   1.1545318426373142E-046
   6.2505519252739701        2.9869338727412955E-048   8.8798977454674365E-047
   9.1029817799152166        2.3241221249757298E-048   6.8903096219460009E-047
   13.257113655901083        1.8040946841502539E-048   5.3881583771797089E-047
   19.306977288832499        1.4091998610455456E-048   4.2120993289545032E-047
   28.117686979742281        1.1088641969372402E-048   3.3072892563630001E-047
   40.949150623804236        8.7826089328921639E-049   2.6148292830135239E-047
   59.636233165946436        6.9969886602741310E-049   2.0801893390672399E-047
   86.851137375135210        5.6040399725212785E-049   1.6641861768071628E-047
   126.48552168552959        4.5103996743679702E-049   1.3383091692416642E-047
   184.20699693267147        3.6470698907898036E-049   1.0815744819197282E-047
   268.26957952797250        2.9625452569027708E-049   8.7837740772852899E-048
   390.69399370546131        2.4180361512638588E-049   7.1700727410326858E-048
   568.98660290182931        1.9841134025754818E-049   5.8860927198854105E-048
   828.64277285468438        1.6383334404599891E-049   4.8645296347135055E-048
   1206.7926406393290        1.3635544531328153E-049   4.0541588077781110E-048
   1757.5106248547895        1.1467570689810850E-049   3.4162344533358122E-048
   2559.5479226995335        9.7826001908331739E-050   2.8982384558896158E-048
   3727.5937203149379        8.3813270750585831E-050   2.4712577566437712E-048
   5428.6754393238598        7.2640677211903815E-050   2.1480716162775625E-048
   7906.0432109076855        6.4635437274667037E-050   1.9036061275598116E-048
   11513.953993264458        5.7529543542547662E-050   1.6888710965358909E-048
   16768.329368110066        5.2658409657215194E-050   1.5397686350194380E-048
   24420.530945486498        4.7947710829909183E-050   1.3971844460626622E-048
   35564.803062231287        4.4536517133604789E-050   1.2876663499089351E-048
   51794.746792312020        4.1162549217155046E-050   1.1884826185723337E-048
   75431.200633546076        3.7872986919888248E-050   1.0871496805740353E-048
   109854.11419875573        3.4990456863582092E-050   1.0026963995555860E-048
   159985.87196060573        3.1330980356882379E-050   8.9847155393472591E-049
   232995.18105153670        2.8172452082684168E-050   8.1191294781786931E-049
   339322.17718953232        2.4563516643736887E-050   7.0992316998944880E-049
   494171.33613238280        2.1262278358634454E-050   6.1994825241195458E-049
   719685.67300115142        1.8305186303411279E-050   5.3733728724110563E-049
   1048113.1341546853        1.5511192770615522E-050   4.5491383623789316E-049
   1526417.9671752304        1.2996288100332163E-050   3.8360962910260670E-049
   2222996.4825261910        1.0859285174067539E-050   3.2237427618881615E-049
   3237457.5428176401        9.0564812674558541E-051   2.7020701502928776E-049
   4714866.3634573901        7.5444282898476957E-051   2.2608439374458810E-049
   6866488.4500429993        6.2816720954369013E-051   1.8843966633939086E-049
   9999999.9999999795        5.2302255321840622E-051   1.5588347808621896E-049
