   0.00000000       5.0000000000000009        7.4594777891030546        11.128761777224360        16.602950259484825        24.769867738841974        36.954055647382404        55.131591463785448        82.250576400402196        122.70926955994489        183.06941415989363        273.12044575796682        407.46717977629612        607.89847546594820        906.92103515356939        1353.0314636396799        2018.5816301955592        3011.5129671870409        4492.8628180655114        6702.8820801693328        10000.000000000000     
  0.10000000000000001        0.0000000000000000        0.0000000000000000        2.5207450810669313E-045   2.0667076911675206E-046   7.3824525166988491E-047   4.9735389984173665E-047   4.6815596532102028E-047   5.3986396939774982E-047   6.9247469176870330E-047   9.5003179628877878E-047   1.3468956860653556E-046   1.9546802204767753E-046   2.8728193492045618E-046   4.2318969540507522E-046   6.2538015439056622E-046   9.2737263418607211E-046   1.3784607575453815E-045   2.0522240949281831E-045   3.0589347005458038E-045   4.5635026315490625E-045
  0.14563484775012439        0.0000000000000000        0.0000000000000000        1.8309225049446224E-045   1.5122902660840085E-046   5.4193064618178627E-047   3.6518208848898026E-047   3.4532591929625239E-047   3.9485412110368280E-047   5.0939960301660409E-047   6.9785476056932568E-047   9.9606931299212024E-047   1.4362013260049294E-046   2.1009404517993344E-046   3.0987489413721684E-046   4.5933020659576161E-046   6.8296949953238453E-046   1.0176474391016680E-045   1.5180773329791769E-045   2.2565848788030778E-045   3.3577579974186331E-045
  0.21209508879201910        0.0000000000000000        0.0000000000000000        1.3234081886197825E-045   1.0969902162893561E-046   3.9560228738027863E-047   2.6840423712336110E-047   2.5332870908314647E-047   2.9221617138476624E-047   3.7526701810447659E-047   5.1599774816483988E-047   7.3053313913931182E-047   1.0592233787443604E-046   1.5557665608454941E-046   2.2996560068104068E-046   3.3963022163093214E-046   5.0337140916205273E-046   7.4787911367144910E-046   1.1129687885804096E-045   1.6583094861797217E-045   2.4731030567104894E-045
  0.30888435964774813        0.0000000000000000        0.0000000000000000        9.6453987779246301E-046   8.0738467307059135E-047   2.9199261451913918E-047   1.9813985643275233E-047   1.8849576214291390E-047   2.1581728212415173E-047   2.7897188559436245E-047   3.8107888433203460E-047   5.4347790906471575E-047   7.8639807318556405E-047   1.1490167390649124E-046   1.6931927885797704E-046   2.5080050576613603E-046   3.7267617914395887E-046   5.5499534275886672E-046   8.2772007649799335E-046   1.2358207199142073E-045   1.8389421184390867E-045
  0.44984326689694454        0.0000000000000000        0.0000000000000000        7.0174075722300854E-046   5.8917169689282173E-047   2.1496201516553969E-047   1.4717829568398029E-047   1.3925460517691847E-047   1.6052442699380863E-047   2.0658978816617016E-047   2.8523701519107928E-047   4.0284387389503425E-047   5.8299353650131126E-047   8.5514439861884141E-047   1.2640019577728712E-046   1.8770631949382258E-046   2.7804571708496516E-046   4.1271767837610616E-046   6.1366834685957228E-046   9.1363860005438952E-046   1.3615391746917941E-045
  0.65512855685955085        0.0000000000000000        0.0000000000000000        5.1416797324957500E-046   4.3632507102615572E-047   1.5945729724372415E-047   1.0919388404839723E-047   1.0411174616181953E-047   1.2021769937228010E-047   1.5501166544357572E-047   2.1182918557054484E-047   3.0114961704689339E-047   4.3785521274684248E-047   6.4052613786769157E-047   9.4232373434170543E-047   1.3939255344831499E-046   2.0688957784125313E-046   3.0778852492299297E-046   4.5860657046120199E-046   6.8412728250515040E-046   1.0214331840001541E-045
  0.95409547634999403        0.0000000000000000        0.0000000000000000        3.7628019646971729E-046   3.2083946746920015E-047   1.1880844437986762E-047   8.2059562588001507E-048   7.8092887002149452E-048   8.9853582432707372E-048   1.1604191956247105E-047   1.5929420808297331E-047   2.2691694345071305E-047   3.2733169688022485E-047   4.7903287096555972E-047   7.0681507190196200E-047   1.0481218336140549E-046   1.5589977742567356E-046   2.3238360425423714E-046   3.4563218166879650E-046   5.1388695179808541E-046   7.6484008654730210E-046
   1.3894954943731375        0.0000000000000000        0.0000000000000000        2.7783984971687877E-046   2.3873163538068527E-047   8.8542591959215489E-048   6.1383095987144907E-048   5.8658918012487364E-048   6.7980661523951721E-048   8.7478125336643791E-048   1.2052585797749180E-047   1.7045510287807396E-047   2.4698489596314641E-047   3.6262202279001724E-047   5.3641204129572195E-047   7.9295868326919999E-047   1.1746803915055643E-046   1.7446205227719816E-046   2.5954792417038485E-046   3.8662757520567154E-046   5.7647532162162649E-046
   2.0235896477251565        0.0000000000000000        0.0000000000000000        2.0441004176131034E-046   1.7769419648202350E-047   6.6801574941043065E-048   4.6333747530679321E-048   4.4575636686698745E-048   5.1571908535643169E-048   6.6690442348859850E-048   9.1072320880052282E-048   1.2955328636390098E-047   1.8844304554204129E-047   2.7523519094196263E-047   4.0495819903846755E-047   5.9911511214723033E-047   8.8934922408894670E-047   1.3233125340239745E-046   1.9721051061579989E-046   2.9424843473618834E-046   4.3941916871744369E-046
   2.9470517025518101        0.0000000000000000        0.0000000000000000        1.5246158269010502E-046   1.3279942824087604E-047   5.0236932023391804E-048   3.5359648773775609E-048   3.3952066804240458E-048   3.9206163851824698E-048   5.0740338559914998E-048   6.9591367007802733E-048   9.9335665663607241E-048   1.4315373623285668E-047   2.0936666256970299E-047   3.0878753803740438E-047   4.5775610202115692E-047   6.8071032011512596E-047   1.0144877478092950E-046   1.5123181338825470E-046   2.2476610663811171E-046   3.3441737467896769E-046
   4.2919342601287758        0.0000000000000000        0.0000000000000000        1.1281005653738029E-046   1.0042978109337781E-047   3.8061384613146054E-048   2.6875295705020015E-048   2.5926364923316970E-048   3.0124043309998828E-048   3.8877444803879446E-048   5.3708978822118267E-048   7.5896012585737921E-048   1.0976889491265369E-047   1.6096015074624488E-047   2.3788192925332123E-047   3.5324903016658152E-047   5.2371762976641734E-047   7.7708814167727782E-047   1.1551086428575029E-046   1.7193910565378686E-046   2.5619314109686766E-046
   6.2505519252739701        0.0000000000000000        0.0000000000000000        8.4500881603975449E-047   7.5469301570567808E-048   2.9142515991097749E-048   2.0606071769102038E-048   2.0002078796171341E-048   2.3366945902300513E-048   3.0087880691043514E-048   4.1361282769162861E-048   5.8598137208616217E-048   8.5008028336976126E-048   1.2492644828009015E-047   1.8416903485911384E-047   2.7197139929742050E-047   4.0309502375089496E-047   5.9898721293927215E-047   8.9158409038691597E-047   1.3288450960061019E-046   1.9824534406265371E-046
   9.1029817799152166        0.0000000000000000        0.0000000000000000        6.3511419265666107E-047   5.7296815534305091E-048   2.2343301125039347E-048   1.5954073338743106E-048   1.5574781559484011E-048   1.8134540811321476E-048   2.3497398013396950E-048   3.2116148485937532E-048   4.5674035909434448E-048   6.6425465322437596E-048   9.7082013416678001E-048   1.4276664217353523E-047   2.1115079112240218E-047   3.1336869178723540E-047   4.6622236198392462E-047   6.9474997657541298E-047   1.0365864573911422E-046   1.5480298270609940E-046
   13.257113655901083        0.0000000000000000        0.0000000000000000        4.7766688022895034E-047   4.3944509798757627E-048   1.7188948926568032E-048   1.2461505584603700E-048   1.2197275485761945E-048   1.4163915789525829E-048   1.8425460583539372E-048   2.5174338202771240E-048   3.5912052541007331E-048   5.1991333132752369E-048   7.5884990226894256E-048   1.1175562306398838E-047   1.6548678363689199E-047   2.4586127284628934E-047   3.6614422993338573E-047   5.4611392229675690E-047   8.1552286972864307E-047   1.2142586013862530E-046
   19.306977288832499        0.0000000000000000        0.0000000000000000        3.6328283840803482E-047   3.3665002915726223E-048   1.3350086620845088E-048   9.7498732534905352E-049   9.5719013259449834E-049   1.1167632062770592E-048   1.4512786158139491E-048   1.9908942230648072E-048   2.8463909412173558E-048   4.0971961323461840E-048   5.9883101028456384E-048   8.8285369323022182E-048   1.3085289388092276E-047   1.9456423867805312E-047   2.8996831761041485E-047   4.3277176783468336E-047   6.4294241374713576E-047   9.5630048250213682E-047
   28.117686979742281        0.0000000000000000        0.0000000000000000        2.7723329918030638E-047   2.5930427195023748E-048   1.0458507002743858E-048   7.6752905034104079E-049   7.5842293949501561E-049   8.8856291836458841E-049   1.1543098477590925E-048   1.5880436355648879E-048   2.2621752017841724E-048   3.2601952688614825E-048   4.7692730258519173E-048   7.0364137486642849E-048   1.0435626362998022E-047   1.5525283218693808E-047   2.3150127947511413E-047   3.4382032317957325E-047   5.1106545215667423E-047   7.6054511151850827E-047
   40.949150623804236        0.0000000000000000        0.0000000000000000        2.1166340454211205E-047   2.0154520831202837E-048   8.2584637436017438E-049   6.0984477209177682E-049   6.0665575208791203E-049   7.1343405349733615E-049   9.2717170249875923E-049   1.2776349960270322E-048   1.8167285538743578E-048   2.6195846716060626E-048   3.8336967051818444E-048   5.6580412119515236E-048   8.3940343260407424E-048   1.2491530488343094E-047   1.8593538644748633E-047   2.7600781121308711E-047   4.1036816298713508E-047   6.1084485649209115E-047
   59.636233165946436        0.0000000000000000        0.0000000000000000        1.6316562464489587E-047   1.5792625449256637E-048   6.5660562499689202E-049   4.8900139277658541E-049   4.8999053466693071E-049   5.7825099541734620E-049   7.5246798635845026E-049   1.0371819869661556E-048   1.4752028822364552E-048   2.1265785172538393E-048   3.1117380705622069E-048   4.5921433222777273E-048   6.8125126170404096E-048   1.0137847308553307E-047   1.5092809425330401E-047   2.2401770002907071E-047   3.3304476044097510E-047   4.9572150024839958E-047
   86.851137375135210        0.0000000000000000        0.0000000000000000        1.2684898228249067E-047   1.2464853651190302E-048   5.2361217704362797E-049   3.9575181268091833E-049   3.9987965692296856E-049   4.7352625345657901E-049   6.1770515196979716E-049   8.5034133534770984E-049   1.2127075015513186E-048   1.7461098630211055E-048   2.5529622268342619E-048   3.7653209557207693E-048   5.5834744485123491E-048   8.3058366685977844E-048   1.2385172372084480E-047   1.8405196990778677E-047   2.7350438236513837E-047   4.0693333373658681E-047
   126.48552168552959        0.0000000000000000        0.0000000000000000        9.9130482818242423E-048   9.8681297944104126E-049   4.2123199599597462E-049   3.2338925021736360E-049   3.3011572745624225E-049   3.9234727505404939E-049   5.1385891309729736E-049   7.0515643174614617E-049   1.0081953157178630E-048   1.4528362362479819E-048   2.1207271879741772E-048   3.1240295813692091E-048   4.6281733180179675E-048   6.8792241068744191E-048   1.0251043310838821E-047   1.5299430192118039E-047   2.2772099047792043E-047   3.3852862263635559E-047
   184.20699693267147        0.0000000000000000        0.0000000000000000        7.7376902336507885E-048   7.8408794575493203E-049   3.4171446478466035E-049   2.6697588900226101E-049   2.7614967191493327E-049   3.2966039147967996E-049   4.3398558621916062E-049   5.9287441771302895E-049   8.4473442473316617E-049   1.2284987024472736E-048   1.7884395116833100E-048   2.6291951891453626E-048   3.8888957140251737E-048   5.7724752487353677E-048   8.5919047138492174E-048   1.2809837216057802E-047   1.9124917822671003E-047   2.8581741049977164E-047
   268.26957952797250        0.0000000000000000        0.0000000000000000        6.0821782815471556E-048   6.2697137340911228E-049   2.7937033065253120E-049   2.2281143826541652E-049   2.3358458602005992E-049   2.8178666762580427E-049   3.6778149930654529E-049   5.0715800913650222E-049   7.1871245565610546E-049   1.0424010424564528E-048   1.5321142459385198E-048   2.2526396367355065E-048   3.3237337087797422E-048   4.9231204290140565E-048   7.3145296677658857E-048   1.0887597688517826E-047   1.6231170360517830E-047   2.4224229147205863E-047
   390.69399370546131        0.0000000000000000        0.0000000000000000        4.8090584412003038E-048   5.0392198636651639E-049   2.2995956985700346E-049   1.8786479693813638E-049   1.9833477214726682E-049   2.4156820762779485E-049   3.1721288977592523E-049   4.4040447771242942E-049   6.2360488071202025E-049   8.9946528630921474E-049   1.3168807527674691E-048   1.9445208527572316E-048   2.8868794688271580E-048   4.2866866371808324E-048   6.3519671455650194E-048   9.4319378387018314E-048   1.4030373338437214E-047   2.0897387974426084E-047
   568.98660290182931        0.0000000000000000        0.0000000000000000        3.8210038520213928E-048   4.0659583678513824E-049   1.8946823201563286E-049   1.5796820844740528E-049   1.7080040884112973E-049   2.1018256730593285E-049   2.7981797431472855E-049   3.8417562751057120E-049   5.4852904427142064E-049   7.9409944464836961E-049   1.1560328311057420E-048   1.6996610098130124E-048   2.5148189138585342E-048   3.7339554408234744E-048   5.5603790913979940E-048   8.2940732108459287E-048   1.2389951565756446E-047   1.8439435274119846E-047
   828.64277285468438        0.0000000000000000        0.0000000000000000        3.0483416329845225E-048   3.2895988816416096E-049   1.5625384189632594E-049   1.3365226638242614E-049   1.4933782279723028E-049   1.8685343167184111E-049   2.4673952459581070E-049   3.4340969190271482E-049   4.8528413437523303E-049   7.0178717375680912E-049   1.0293734856320532E-048   1.5222342271226106E-048   2.2429915595700107E-048   3.3165077506388751E-048   4.9214953441855597E-048   7.3177746183775537E-048   1.0900369504874014E-047   1.6257477370171994E-047
   1206.7926406393290        0.0000000000000000        0.0000000000000000        2.4405335831274871E-048   2.6665176746145166E-049   1.2895066260797823E-049   1.1352325352584590E-049   1.2965403937541488E-049   1.6443272636098078E-049   2.2135802569407741E-049   3.0626756746350312E-049   4.3836929029423132E-049   6.3098317719364611E-049   9.1879094722284400E-049   1.3511827535210441E-048   2.0000887961707592E-048   2.9707504900294968E-048   4.4262772551280634E-048   6.6058684155891555E-048   9.8191847431488071E-048   1.4592757964041561E-047
   1757.5106248547895        0.0000000000000000        0.0000000000000000        1.9602799795094944E-048   2.1648314659676235E-049   1.0636897838631355E-049   9.6513007519893525E-050   1.1280056989914665E-049   1.4694212108923078E-049   1.9845931610945095E-049   2.7747688097790060E-049   3.9249632658845156E-049   5.6709008709445995E-049   8.3120346569741051E-049   1.2266518020541134E-048   1.8053774680464290E-048   2.6681688996506447E-048   3.9591156341184105E-048   5.8865654228656127E-048   8.7696235148047675E-048   1.3082476846143330E-047
   2559.5479226995335        0.0000000000000000        0.0000000000000000        1.5795089458348432E-048   1.7605683937794200E-049   8.7664551715066097E-050   8.1656833068046050E-050   9.8456367529049006E-050   1.2999082850737160E-049   1.7842718489119584E-049   2.4870536233823331E-049   3.5622211504108474E-049   5.1213580042543283E-049   7.4451020589058969E-049   1.0935474450159850E-048   1.6176989601361966E-048   2.4012955237953515E-048   3.5771222147046486E-048   5.3377048354421518E-048   7.9201410495852117E-048   1.1771262628010098E-047
   3727.5937203149379        0.0000000000000000        0.0000000000000000        1.2767351072788158E-048   1.4350144591557184E-049   7.2213973307133667E-050   6.8171599651536392E-050   8.4341834611656282E-050   1.1432498221244802E-049   1.5904184700279554E-049   2.2378061173023228E-049   3.1707384852388798E-049   4.5750198470109606E-049   6.6981399733568260E-049   9.8437242153651592E-049   1.4480093728834411E-048   2.1387740737959627E-048   3.1734644998400549E-048   4.7183094781212760E-048   7.0305537265052227E-048   1.0491397131515094E-047
   5428.6754393238598        0.0000000000000000        0.0000000000000000        1.0353346897314788E-048   1.1731284564753607E-049   5.9517339294351911E-050   5.6752551081478240E-050   7.1605371373258278E-050   1.0028865981234245E-049   1.4000303016512770E-049   1.9767116886197144E-049   2.8367760623698966E-049   4.0522465189177536E-049   5.8896803919253095E-049   8.6495285624472380E-049   1.2798898495008406E-048   1.9001088255787663E-048   2.8248627165700010E-048   4.1837985805187743E-048   6.2133451667187841E-048   9.2442257161142501E-048
   7906.0432109076855        0.0000000000000000        0.0000000000000000        8.4237390780364315E-049   9.6267614930529526E-050   4.9144992701807645E-050   4.7163766754909660E-050   6.0463569820854395E-050   8.5573956269705219E-050   1.2281355150722283E-049   1.7255797373447066E-049   2.4615201314452163E-049   3.5592345057668328E-049   5.1660492180873576E-049   7.5440902263122327E-049   1.1116891713972385E-048   1.6443303488645973E-048   2.4438028250800258E-048   3.6388343977598370E-048   5.4304018807811871E-048   8.1161680266493627E-048
   11513.953993264458        0.0000000000000000        0.0000000000000000        6.8775893738744318E-049   7.9371423125334683E-050   4.0718956245173901E-050   3.9193047989611090E-050   5.0811662613815132E-050   7.2532731820190597E-050   1.0468703427364313E-049   1.4959801215750813E-049   2.1203731051487740E-049   3.0462966348024191E-049   4.4449557596808092E-049   6.5331464513081231E-049   9.5900938098522637E-049   1.4136384041598438E-048   2.0954920441652401E-048   3.1127850293017150E-048   4.6359877095766382E-048   6.9166084686827650E-048
   16768.329368110066        0.0000000000000000        0.0000000000000000        5.6358649859955021E-049   6.5811560532909784E-050   3.3909686727212712E-050   3.2630183079658913E-050   4.2572705317773354E-050   6.1071514888772373E-050   8.8476855972397354E-050   1.2684807490140489E-049   1.8111581819835823E-049   2.5874864242503610E-049   3.7601354464816885E-049   5.5213746101018682E-049   8.1733843112858542E-049   1.2052530002360268E-048   1.7825420532394300E-048   2.6424001559460209E-048   3.9284866693915120E-048   5.8521349235700943E-048
   24420.530945486498        0.0000000000000000        0.0000000000000000        4.6363682855273167E-049   5.4450344061184626E-050   2.8434738626597656E-050   2.7268897444541043E-050   3.5472373652969055E-050   5.1152711359138110E-050   7.4258513389313810E-050   1.0631769791440992E-049   1.5296780862916499E-049   2.1813944230600024E-049   3.1592589155118962E-049   4.6270105385451790E-049   6.8367366901623461E-049   1.0135087077211790E-048   1.5051154632687488E-048   2.2271520215637800E-048   3.3060640280399906E-048   4.9185205760718562E-048
   35564.803062231287        0.0000000000000000        0.0000000000000000        3.8297881557419603E-049   4.5292628350719773E-050   2.3741484012184459E-050   2.2914484786453079E-050   2.9418772587116348E-050   4.2702138830618196E-050   6.1988038038778225E-050   8.8621132585358597E-050   1.2722004610358840E-049   1.8280978495855676E-049   2.6402213159888380E-049   3.8585173247667909E-049   5.6924625479071890E-049   8.4271002530803730E-049   1.2539796285565219E-048   1.8670816294527637E-048   2.7677971144022556E-048   4.1130386421393655E-048
   51794.746792312020        0.0000000000000000        0.0000000000000000        3.1766964809169492E-049   3.7902390140250379E-050   1.9949018294468812E-050   1.9174169154722906E-050   2.4435921173533589E-050   3.5437346827244040E-050   5.1558825180412046E-050   7.3586753767451217E-050   1.0544158505085584E-049   1.5239851704002613E-049   2.1986310030736747E-049   3.2073120616494672E-049   4.7255326296648774E-049   6.9873452486210875E-049   1.0388113318792673E-048   1.5471498585675431E-048   2.3095947512112318E-048   3.4285726035514156E-048
   75431.200633546076        0.0000000000000000        0.0000000000000000        2.6453765337087720E-049   3.1917812773634417E-050   1.6890825573526339E-050   1.6080742934445669E-050   2.0339354446649754E-050   2.9270618521506584E-050   4.2798462147902143E-050   6.0963257107458448E-050   8.7211650724043485E-050   1.2584869220186227E-049   1.8273253548335685E-049   2.6613713784969600E-049   3.9165582170115150E-049   5.7849389640541080E-049   8.5934516688750388E-049   1.2788565660531728E-048   1.9078575100405484E-048   2.8517340408418746E-048
   109854.11419875573        0.0000000000000000        0.0000000000000000        2.2103681641923904E-049   2.7036886014985896E-050   1.4411421286907083E-050   1.3550486537784168E-050   1.6965344357895804E-050   2.4180642863497428E-050   3.5373311114251518E-050   5.0451943554883366E-050   7.2063823543930033E-050   1.0384003951814205E-049   1.5175585367646648E-049   2.2068986255770380E-049   3.2441305755526522E-049   4.7868128720005198E-049   7.1051124219494003E-049   1.0565513903067633E-048   1.5750850160252155E-048   2.3529776223970086E-048
   159985.87196060573        0.0000000000000000        0.0000000000000000        1.8515312620409292E-049   2.3010558418125922E-050   1.2361516118720056E-050   1.1462688662787586E-050   1.4175309794658071E-050   1.9984415291734514E-050   2.9127724799824844E-050   4.1746014748757439E-050   5.9535449607375081E-050   8.5666333459905844E-050   1.2513071867793748E-049   1.8301064645093528E-049   2.6872711092128947E-049   3.9610844900560511E-049   5.8747665270194893E-049   8.7291234007087547E-049   1.3003655683802825E-048   1.9414337308409807E-048
   232995.18105153670        0.0000000000000000        0.0000000000000000        1.5422307874878561E-049   1.9337989330504136E-050   1.0449175545156900E-050   9.7203367061409092E-051   1.1857101287469301E-050   1.6525471541869519E-050   2.3992620047795043E-050   3.4557615077163373E-050   4.9201084251442327E-050   7.0691730559642459E-050   1.0314725955927650E-049   1.5183587297432035E-049   2.2269633305536451E-049   3.2791143513062928E-049   4.8592741761730832E-049   7.2143823321437765E-049   1.0738988173006536E-048   1.6023279051602591E-048
   339322.17718953232        0.0000000000000000        0.0000000000000000        1.2800032510819119E-049   1.6238666354915113E-050   8.8433684601655870E-051   8.2033829881618279E-051   9.9230797647057962E-051   1.3673513443421301E-050   1.9774598198298891E-050   2.8581314837297496E-050   4.0687762141678740E-050   5.8366222196373742E-050   8.5064058963064530E-050   1.2513990738083428E-049   1.8467589359240008E-049   2.7162615538646684E-049   4.0216532018189418E-049   5.9657199458911023E-049   8.8732373966151496E-049   1.3230789814545923E-048
   494171.33613238280        0.0000000000000000        0.0000000000000000        1.0623703059831054E-049   1.3629028666127382E-050   7.4818034500989838E-051   6.8554320089112169E-051   8.2401356246898520E-051   1.1321311658842176E-050   1.6310837725993486E-050   2.3530833404181713E-050   3.3677823456593035E-050   4.8225181156425612E-050   7.0194461196188064E-050   1.0315820000383644E-049   1.5284976185048519E-049   2.2518095123796159E-049   3.3308774368907723E-049   4.9365910838594587E-049   7.3364411497158897E-049   1.0931698117506201E-048
   719685.67300115142        0.0000000000000000        0.0000000000000000        8.8166236521510286E-050   1.1426430794341731E-050   6.3211364462765182E-051   5.7241051666275352E-051   6.8246213505665863E-051   9.3808113449082753E-051   1.3465991526765891E-050   1.9387943588764727E-050   2.7905244508868791E-050   3.9881233919838392E-050   5.7967667448659267E-050   8.5093788719225233E-050   1.2597670755354836E-049   1.8685235894848339E-049   2.7611681384684836E-049   4.0883611627426877E-049   6.0705641007567835E-049   9.0388116830174382E-049
   1048113.1341546853        0.0000000000000000        0.0000000000000000        7.3168699866137589E-050   9.5684177351833967E-051   5.3309412126292511E-051   4.7750129619471941E-051   5.6524065721074520E-051   7.7795627914200764E-051   1.1128401866128420E-050   1.5988406222595289E-050   2.3133287824853988E-050   3.3013743171854530E-050   4.7911806806865660E-050   7.0246410530002917E-050   1.0390023505937742E-049   1.5412550379501727E-049   2.2911886033387362E-049   3.3890750207778537E-049   5.0276311241426477E-049   7.4800816865572361E-049
   1526417.9671752304        0.0000000000000000        0.0000000000000000        6.0732739727317730E-050   8.0047235787462372E-051   4.4338423263362907E-051   3.9802787091591997E-051   4.6824025803521539E-051   6.4578329593791442E-051   9.2063677732168227E-051   1.3197324306105707E-050   1.9062176489460968E-050   2.7358435657508080E-050   3.9638049400170937E-050   5.8039217636356899E-050   8.5759525266391546E-050   1.2710221064602417E-049   1.8933426951399241E-049   2.8123486113220889E-049   4.1680531862737162E-049   6.1960732855160524E-049
   2222996.4825261910        0.0000000000000000        0.0000000000000000        5.0429783565628088E-050   6.6541775866660783E-051   3.6829891985418187E-051   3.3163495374493591E-051   3.8802949288153852E-051   5.3563096120875859E-051   7.6247750432969343E-051   1.0904233001283636E-050   1.5720637165296317E-050   2.2698088864375997E-050   3.2826711882720507E-050   4.7997952647971183E-050   7.0846848661304151E-050   1.0490034364018038E-049   1.5614323330983920E-049   2.3275284435022610E-049   3.4592111285867647E-049   5.1378301431391815E-049
   3237457.5428176401        0.0000000000000000        0.0000000000000000        4.1899341237117876E-050   5.5060089534276894E-051   3.0576011428224119E-051   2.7629039565954849E-051   3.2173480606857260E-051   4.4180377669425194E-051   6.3221837493274396E-051   9.0188234332874631E-051   1.2976279755627683E-050   1.8815088925738847E-050   2.7215403387695540E-050   3.9733322782901547E-050   5.8581235249640834E-050   8.6650952940332261E-050   1.2887475499807522E-049   1.9196014627572959E-049   2.8653748836793079E-049   4.2650874242796335E-049
   4714866.3634573901        0.0000000000000000        0.0000000000000000        3.4838658015126680E-050   4.5564155975129773E-051   2.5379222977681773E-051   2.3023479571652201E-051   2.6695370681165651E-051   3.6469531130838426E-051   5.2483710602441183E-051   7.4673216994357611E-051   1.0720858328441066E-050   1.5516435968737849E-050   2.2589016669480095E-050   3.2926169135473052E-050   4.8486365813830892E-050   7.1641657974092594E-050   1.0646000561194176E-049   1.5844596148622504E-049   2.3634090030486376E-049   3.5333628818226307E-049
   6866488.4500429993        0.0000000000000000        0.0000000000000000        2.8819004945838745E-050   3.7718492687097630E-051   2.1068373057911410E-051   1.9038743206052509E-051   2.2168437624057687E-051   3.0129380653064570E-051   4.3508804344346490E-051   6.1894732601276288E-051   8.8659107973223396E-051   1.2806793377233200E-050   1.8760081146476691E-050   2.7315046582870639E-050   4.0172065864217019E-050   5.9288973184539076E-050   8.8023603669280817E-050   1.3089563132033494E-049   1.9509787219246460E-049   2.9148336418230345E-049
   9999999.9999999795        0.0000000000000000        0.0000000000000000        2.3792232217123647E-050   3.1240063044676221E-051   1.7496580030500693E-051   1.5732940680045442E-051   1.8426486571821012E-051   2.4913184924173059E-051   3.5894190576358791E-051   5.1360567123901521E-051   7.3391517538873547E-051   1.0579534226487849E-050   1.5474438347533896E-050   2.2685879912281549E-050   3.3318888736503966E-050   4.9115254175198343E-050   7.2849036927542046E-050   1.0823325543889850E-049   1.6119061479532447E-049   2.4065596802014355E-049
