   0.00000000       100.00000000000000     
  0.10000000000000001        5.5523917789348055E-047
  0.14563484775012439        4.0597190330301254E-047
  0.21209508879201910        2.9835049107812357E-047
  0.30888435964774813        2.1994687494366239E-047
  0.44984326689694454        1.6251324903593302E-047
  0.65512855685955085        1.2123144348387076E-047
  0.95409547634999403        9.0031888523965196E-048
   1.3894954943731375        6.7726689904614441E-048
   2.0235896477251565        5.0986362200987118E-048
   2.9470517025518101        3.8535495723505599E-048
   4.2919342601287758        2.9449264803491364E-048
   6.2505519252739701        2.2610958037136897E-048
   9.1029817799152166        1.7373137038479474E-048
   13.257113655901083        1.3483368526192584E-048
   19.306977288832499        1.0560980392666457E-048
   28.117686979742281        8.3429640232488822E-049
   40.949150623804236        6.6447647428673416E-049
   59.636233165946436        5.3344747976447298E-049
   86.851137375135210        4.3157847527960455E-049
   126.48552168552959        3.5285521457541102E-049
   184.20699693267147        2.9125159192455884E-049
   268.26957952797250        2.4342180032967645E-049
   390.69399370546131        2.0669457222639255E-049
   568.98660290182931        1.7922852373493592E-049
   828.64277285468438        1.5751845267735249E-049
   1206.7926406393290        1.4032850637229351E-049
   1757.5106248547895        1.2773089603689330E-049
   2559.5479226995335        1.1743506467054135E-049
   3727.5937203149379        1.0880010087683635E-049
   5428.6754393238598        1.0228107760289935E-049
   7906.0432109076855        9.5495858361746281E-050
   11513.953993264458        8.8637503309296976E-050
   16768.329368110066        8.2328731637661256E-050
   24420.530945486498        7.4383324136940056E-050
   35564.803062231287        6.6889350661684569E-050
   51794.746792312020        5.8332965373542997E-050
   75431.200633546076        5.0461443158782364E-050
   109854.11419875573        4.3226774649459104E-050
   159985.87196060573        3.6193315037728128E-050
   232995.18105153670        3.0131832950143294E-050
   339322.17718953232        2.4993488079503511E-050
   494171.33613238280        2.0685571933330730E-050
   719685.67300115142        1.7102127518645029E-050
   1048113.1341546853        1.4136452151742877E-050
   1526417.9671752304        1.1689377493220107E-050
   2222996.4825261910        9.6732594335916226E-051
   3237457.5428176401        8.0130355431342542E-051
   4714866.3634573901        6.6234392608719808E-051
   6866488.4500429993        5.4570535073773527E-051
   9999999.9999999795        4.4999487892534520E-051
