   0.00000000       100.00000000000000        5000.0000000000000     
  0.10000000000000001        5.9887840651346401E-047   2.2828844203642942E-045
  0.14563484775012439        4.4168887787694195E-047   1.6685164670065214E-045
  0.21209508879201910        3.2445782198002483E-047   1.2375179469038788E-045
  0.30888435964774813        2.4051870155080373E-047   9.1037388304884517E-046
  0.44984326689694454        1.7868233939947534E-047   6.7844553056585925E-046
  0.65512855685955085        1.3307913099678414E-047   5.0556441551933356E-046
  0.95409547634999403        1.0035157821600236E-047   3.7843976415152819E-046
   1.3894954943731375        7.5148479825407688E-048   2.8664806295045475E-046
   2.0235896477251565        5.6893607396199699E-048   2.1590150568496878E-046
   2.9470517025518101        4.3528628034462868E-048   1.6416419540637479E-046
   4.2919342601287758        3.3143630506205712E-048   1.2608663115607355E-046
   6.2505519252739701        2.5451497225499823E-048   9.6955174491963890E-047
   9.1029817799152166        1.9721704572433976E-048   7.4745456273637424E-047
   13.257113655901083        1.5403720715761635E-048   5.8125050568514379E-047
   19.306977288832499        1.2041193245517388E-048   4.5547272721235402E-047
   28.117686979742281        9.4437203099145899E-049   3.5933086039636201E-047
   40.949150623804236        7.4590021384810230E-049   2.8518349071159473E-047
   59.636233165946436        5.9287521648845297E-049   2.2622955488845695E-047
   86.851137375135210        4.7394902981269833E-049   1.8051498377066813E-047
   126.48552168552959        3.8088192061030011E-049   1.4488677829364398E-047
   184.20699693267147        3.0762113999588808E-049   1.1694239182614211E-047
   268.26957952797250        2.4967337220451524E-049   9.4910647138418910E-048
   390.69399370546131        2.0367160957459518E-049   7.7473043405676859E-048
   568.98660290182931        1.6707277424888565E-049   6.3640097392158140E-048
   828.64277285468438        1.3794470718739892E-049   5.2664992372019555E-048
   1206.7926406393290        1.1481541156593292E-049   4.3763868155290937E-048
   1757.5106248547895        9.6566862203896469E-050   3.6504482893911912E-048
   2559.5479226995335        8.1961458876582826E-050   3.0769668584252828E-048
   3727.5937203149379        6.9673987644571333E-050   2.6306362039980606E-048
   5428.6754393238598        6.0259465625618782E-050   2.2929336667416536E-048
   7906.0432109076855        5.3355771913813728E-050   1.9916701527493445E-048
   11513.953993264458        4.6879839352932104E-050   1.7652958551093565E-048
   16768.329368110066        4.2284592341902627E-050   1.5799645292666132E-048
   24420.530945486498        3.7906227190481920E-050   1.4184798010075227E-048
   35564.803062231287        3.4502926685181613E-050   1.2812664214791798E-048
   51794.746792312020        3.0857763538257272E-050   1.1500929912102452E-048
   75431.200633546076        2.7759627211978559E-050   1.0314160826358923E-048
   109854.11419875573        2.4440842827269781E-050   9.1005753829449165E-049
   159985.87196060573        2.1341379546288418E-050   8.0553693355288664E-049
   232995.18105153670        1.8576872757619236E-050   6.9397290822493842E-049
   339322.17718953232        1.5786103283078107E-050   5.9503612318902487E-049
   494171.33613238280        1.3324307037276281E-050   5.0836854953297932E-049
   719685.67300115142        1.1207165992377014E-050   4.3262286804782139E-049
   1048113.1341546853        9.4005198250319487E-051   3.6148428890602637E-049
   1526417.9671752304        7.8700268254041960E-051   3.0138794016295624E-049
   2222996.4825261910        6.5805730489257538E-051   2.5093539291053440E-049
   3237457.5428176401        5.4446747602454001E-051   2.0875857455718568E-049
   4714866.3634573901        4.5047624675594613E-051   1.7361444169894309E-049
   6866488.4500429993        3.7280618961321208E-051   1.4439743851575031E-049
   9999999.9999999795        3.0867193205912284E-051   1.2014383527849644E-049
