   0.00000000       5.0000000000000009        7.4594777891030546        11.128761777224360        16.602950259484825        24.769867738841974        36.954055647382404        55.131591463785448        82.250576400402196        122.70926955994489        183.06941415989363        273.12044575796682        407.46717977629612        607.89847546594820        906.92103515356939        1353.0314636396799        2018.5816301955592        3011.5129671870409        4492.8628180655114        6702.8820801693328        10000.000000000000     
  0.10000000000000001        0.0000000000000000        0.0000000000000000        0.0000000000000000        9.1524825654261877E-044   4.6847642967366710E-045   1.2807374441179505E-045   7.2118439441581810E-046   5.9694727727502874E-046   6.1654432439265173E-046   7.2628738148151506E-046   9.3166917981476655E-046   1.2622939137025403E-045   1.7603036539346557E-045   2.5129915357649888E-045   3.6510639011151422E-045   5.3630388708906702E-045   7.8828878737944067E-045   1.1637460379101027E-044   1.7245299185967563E-044   2.5621548518430340E-044
  0.14563484775012439        0.0000000000000000        0.0000000000000000        0.0000000000000000        6.5987133058375335E-044   3.3793040130931607E-045   9.2238906899890890E-046   5.2360886538272273E-046   4.3462823645773350E-046   4.4754294717310262E-046   5.2952491769676868E-046   6.7742322405127375E-046   9.1285864142963140E-046   1.2791888937015793E-045   1.8310030227800295E-045   2.6461829288676271E-045   3.8714856488226598E-045   5.7067567352714561E-045   8.4542838300756633E-045   1.2566247596173681E-044   1.8715916074532578E-044
  0.21209508879201910        0.0000000000000000        0.0000000000000000        0.0000000000000000        4.7129227941850834E-044   2.4334751697775074E-045   6.6949251041633171E-046   3.7795830049946755E-046   3.1362185068210916E-046   3.2440803188770748E-046   3.8291662724503580E-046   4.9137396867249758E-046   6.6709816325396819E-046   9.2920472601443588E-046   1.3278085095395000E-045   1.9304729409869173E-045   2.8342126326942531E-045   4.1621225489687303E-045   6.1466815147927690E-045   9.1113958457531379E-045   1.3540600077674888E-044
  0.30888435964774813        0.0000000000000000        0.0000000000000000        0.0000000000000000        3.4012627977408804E-044   1.7577593752330783E-045   4.8321952147827741E-046   2.7527316566372525E-046   2.2946534684461917E-046   2.3700307642908171E-046   2.8041932412258624E-046   3.5953763749319720E-046   4.8447493136673948E-046   6.7950845939267217E-046   9.7209038461487865E-046   1.4054461140040730E-045   2.0568882237001870E-045   3.0326650823533731E-045   4.4936152697651505E-045   6.6803023444372126E-045   9.9407457699842319E-045
  0.44984326689694454        0.0000000000000000        0.0000000000000000        0.0000000000000000        2.4469737832122827E-044   1.2749053139338955E-045   3.5303958200851842E-046   2.0003067646561787E-046   1.6649961491542337E-046   1.7260884645481709E-046   2.0408077822264935E-046   2.6214788471694381E-046   3.5613966707795871E-046   4.9629602343269381E-046   7.0934319881741860E-046   1.0314487885019650E-045   1.5150164772312553E-045   2.2248016779766747E-045   3.2855556097843552E-045   4.8701696530439150E-045   7.2375152635048286E-045
  0.65512855685955085        0.0000000000000000        0.0000000000000000        0.0000000000000000        1.7682998096843104E-044   9.2337356224840239E-046   2.5574669805048581E-046   1.4640743107988737E-046   1.2253716181962538E-046   1.2683857640021198E-046   1.5045322727081355E-046   1.9291149994838261E-046   2.6028495723005293E-046   3.6501300774677062E-046   5.2301728826462388E-046   7.5596577310773063E-046   1.1061473490322711E-045   1.6305981424854022E-045   2.4157396213415008E-045   3.5907816656403702E-045   5.3495100651403527E-045
  0.95409547634999403        0.0000000000000000        0.0000000000000000        0.0000000000000000        1.2814124698744780E-044   6.7406495400903131E-046   1.8795556270114168E-046   1.0702986451946901E-046   8.9446273708337023E-047   9.3021824172437048E-047   1.1013135349756625E-046   1.4172638229202322E-046   1.9236791663684088E-046   2.6872672178827186E-046   3.8381758754695561E-046   5.5782295172177296E-046   8.1961410175573089E-046   1.2064732774387605E-045   1.7808657816114549E-045   2.6386808657614321E-045   3.9198736844388500E-045
   1.3894954943731375        0.0000000000000000        0.0000000000000000        0.0000000000000000        9.2846320109572778E-045   4.9031153773808264E-046   1.3691047502051475E-046   7.8909314543293067E-047   6.6259928974892667E-047   6.8717862433646037E-047   8.1784693230925103E-047   1.0484000913479446E-046   1.4187712773195634E-046   1.9867876967529119E-046   2.8566393939260871E-046   4.1278637971023867E-046   6.0349547246632174E-046   8.8900397732021015E-046   1.3162877025847295E-045   1.9555298900559431E-045   2.9119789265996635E-045
   2.0235896477251565        0.0000000000000000        0.0000000000000000        0.0000000000000000        6.7721312330288086E-045   3.6001458718500567E-046   1.0115737939659715E-046   5.7999935513093300E-047   4.8726697287106898E-047   5.0900587818519875E-047   6.0325053707273041E-047   7.7859576120173826E-047   1.0537698742861614E-046   1.4793933770874524E-046   2.1091204110026703E-046   3.0612437944704646E-046   4.4934872689118315E-046   6.6405178159746325E-046   9.8179749491200514E-046   1.4533822335821005E-045   2.1572980906667701E-045
   2.9470517025518101        0.0000000000000000        0.0000000000000000        0.0000000000000000        4.9277834641812942E-045   2.6354378024572643E-046   7.4271132331250950E-047   4.3206571070536729E-047   3.6268097375728519E-047   3.7784886989542125E-047   4.5008347700609079E-047   5.7874497856082620E-047   7.8728792937316067E-047   1.0991050513433596E-046   1.5770543231406149E-046   2.2964696012811014E-046   3.3518733579170986E-046   4.9308392836846106E-046   7.2923530836501895E-046   1.0822881238359415E-045   1.6101832216751670E-045
   4.2919342601287758        0.0000000000000000        0.0000000000000000        0.0000000000000000        3.6153888840190633E-045   1.9452385580702355E-046   5.5141479513536156E-047   3.1915049150680334E-047   2.7002062883945201E-047   2.8384736999742502E-047   3.3664460465444341E-047   4.3563114400860050E-047   5.8747988930076118E-047   8.2698089879025725E-047   1.1818032572702129E-046   1.7111796799429922E-046   2.5072683713669155E-046   3.6997726285831122E-046   5.4858005462334690E-046   8.1599030269893230E-046   1.2116187909388739E-045
   6.2505519252739701        0.0000000000000000        0.0000000000000000        0.0000000000000000        2.6473996805602001E-045   1.4369303305036443E-046   4.0939880784703635E-047   2.3889042627667890E-047   2.0187554102783096E-047   2.1167457883674164E-047   2.5229148473059722E-047   3.2592362210056606E-047   4.4375454254376665E-047   6.2083719889973243E-047   8.8764425254604454E-047   1.2909848510305300E-046   1.8979450717533230E-046   2.7963160629373233E-046   4.1275943765615315E-046   6.1156206116808586E-046   9.0849113921263904E-046
   9.1029817799152166        0.0000000000000000        0.0000000000000000        0.0000000000000000        1.9525935337718240E-045   1.0656399149254362E-046   3.0529839439205661E-047   1.7902367610852874E-047   1.5272557984004359E-047   1.5980027223998551E-047   1.9129438198631539E-047   2.4637573322213840E-047   3.3515170763726227E-047   4.6916220180041871E-047   6.7441164640164065E-047   9.8003454285097656E-047   1.4317640359379823E-046   2.1076504027204869E-046   3.1187926824256525E-046   4.6308774172416260E-046   6.8925631972761503E-046
   13.257113655901083        0.0000000000000000        0.0000000000000000        0.0000000000000000        1.4427020079792098E-045   7.9724316951300517E-047   2.3025071702047721E-047   1.3456035333036271E-047   1.1484288570501196E-047   1.2153930619684525E-047   1.4491394938603647E-047   1.8825356200626659E-047   2.5426445747739012E-047   3.5841106048747996E-047   5.1277243066729033E-047   7.4272108277798899E-047   1.0885718827638707E-046   1.6065764678546554E-046   2.3824287271515874E-046   3.5440689598194439E-046   5.2674891545938883E-046
   19.306977288832499        0.0000000000000000        0.0000000000000000        0.0000000000000000        1.0691482161751676E-045   5.9381230744287368E-047   1.7241915044227029E-047   1.0228397588408209E-047   8.7234531179363936E-048   9.2152568478958991E-048   1.1035340525257789E-047   1.4316609523155132E-047   1.9494315017996545E-047   2.7388043085203884E-047   3.9136817713645696E-047   5.6897040532892350E-047   8.3623657305013764E-047   1.2369016768033685E-046   1.8263896952969207E-046   2.7043535676491411E-046   4.0152017801347476E-046
   28.117686979742281        0.0000000000000000        0.0000000000000000        0.0000000000000000        7.9997950403708927E-046   4.4772049299041188E-047   1.3062969799701935E-047   7.7739954523911912E-048   6.6942667662684650E-048   7.0619200148161307E-048   8.4895162135252927E-048   1.0989063995793129E-047   1.5051360163103162E-047   2.1022860152302668E-047   3.0174624814552567E-047   4.4006973991328403E-047   6.4529191111957037E-047   9.4860744123813970E-047   1.4020738587120873E-046   2.0796793395279387E-046   3.0925667255451400E-046
   40.949150623804236        0.0000000000000000        0.0000000000000000        8.5652954244451504E-043   5.9543066698610519E-046   3.3825274366767453E-047   9.9986966388283410E-048   5.9333249029466202E-048   5.1361682166077634E-048   5.4633078939978356E-048   6.5906382583462132E-048   8.5160450538777225E-048   1.1600755015903686E-047   1.6294890214639515E-047   2.3477035801040258E-047   3.4081641091400852E-047   4.9840498796803555E-047   7.3417841768148979E-047   1.0869890432688549E-046   1.6146841095843670E-046   2.4042688463079583E-046
   59.636233165946436        0.0000000000000000        0.0000000000000000        6.3788405135481359E-043   4.4865501086981000E-046   2.5600252035426119E-047   7.6056592888761124E-048   4.5732126664281498E-048   3.9598709390846552E-048   4.2413127371423516E-048   5.1014606942293196E-048   6.6568643138643140E-048   9.0283851802162831E-048   1.2742224745631246E-047   1.8311946924878330E-047   2.6519828859663152E-047   3.8866044281240500E-047   5.7349514217470403E-047   8.5029180094438432E-047   1.2646151982457493E-046   1.8850777176773057E-046
   86.851137375135210        0.0000000000000000        0.0000000000000000        4.7440417486968881E-043   3.3891412683534077E-046   1.9578481651808811E-047   5.8444819909682420E-048   3.5559137126077980E-048   3.0813358748805594E-048   3.3003032541863776E-048   3.9844618150197343E-048   5.2143458423307330E-048   7.0893133784780529E-048   1.0045277160175770E-047   1.4347547579992464E-047   2.0827318685749671E-047   3.0577368431777987E-047   4.5181529899529512E-047   6.7065268996348474E-047   9.9788713387496763E-047   1.4794715294790880E-046
   126.48552168552959        0.0000000000000000        0.0000000000000000        3.5722951435201025E-043   2.5631548860459576E-046   1.5083549326643585E-047   4.5318369924112477E-048   2.7667377289207557E-048   2.4179206235850481E-048   2.5914516026338960E-048   3.1396800379427335E-048   4.1074640471839002E-048   5.6132190684729438E-048   7.9344349165430501E-048   1.1345095131229490E-047   1.6499448315924537E-047   2.4257260789340031E-047   3.5881605625908063E-047   5.3288219007664022E-047   7.8846024106775836E-047   1.1699381280096483E-046
   184.20699693267147        0.0000000000000000        0.0000000000000000        2.6818391946151311E-043   1.9587397509937460E-046   1.1580405238231113E-047   3.5423136110156318E-048   2.1634615573529348E-048   1.9119722421477606E-048   2.0520770616762339E-048   2.4946633747508677E-048   3.2648929951805625E-048   4.4797921539398713E-048   6.3171604384379811E-048   9.0504570469315318E-048   1.3180460402795574E-047   1.9397789272143079E-047   2.8715918245537466E-047   4.2480977009956484E-047   6.2893510549039030E-047   9.3374737461616516E-047
   268.26957952797250        0.0000000000000000        0.0000000000000000        2.0270881477021806E-043   1.5075455467555393E-046   8.9716466395546827E-048   2.7689564789572062E-048   1.7057530403036364E-048   1.5226311373418236E-048   1.6379058689425743E-048   1.9979467051360071E-048   2.6179358201171926E-048   3.6027735331054591E-048   5.0765699579847666E-048   7.2827782116338227E-048   1.0615778517246770E-047   1.5633937148384063E-047   2.3155291652525637E-047   3.4196908422519308E-047   5.0643726948439565E-047   7.5208899088558287E-047
   390.69399370546131        0.0000000000000000        0.0000000000000000        1.5481765833170001E-043   1.1558320934600467E-046   7.0056951024329059E-048   2.1757099291855084E-048   1.3549413170364904E-048   1.2161418672803585E-048   1.3171738673639997E-048   1.6124093662187481E-048   2.1172480156828725E-048   2.9194110749291693E-048   4.1177521134485835E-048   5.9113825569028845E-048   8.6205331551215149E-048   1.2699608174363235E-047   1.8812740270242598E-047   2.7801343055601400E-047   4.1170866991203630E-047   6.1140253622852924E-047
   568.98660290182931        0.0000000000000000        0.0000000000000000        1.1808910744016027E-043   8.9390710602040944E-047   5.5079359777340815E-048   1.7216927814623912E-048   1.0834277279763662E-048   9.7845172784994049E-049   1.0667398818967980E-048   1.3108636484712766E-048   1.7268088985481822E-048   2.3833707220084283E-048   3.3714628252580298E-048   4.8403509239210974E-048   7.0584175224757640E-048   1.0397930225268747E-047   1.5401149422765653E-047   2.2831533869879244E-047   3.3798242092400414E-047   5.0175427985754653E-047
   828.64277285468438        0.0000000000000000        0.0000000000000000        9.0449482161123051E-044   6.9651100649804738E-047   4.3553987653392063E-048   1.3705665738451238E-048   8.7124484519595478E-049   7.9276844031609144E-049   8.6949167540022864E-049   1.0730848672057612E-048   1.4198684714189832E-048   1.9598985849215225E-048   2.7862481282764489E-048   3.9980377519246701E-048   5.8272344831250826E-048   8.5808699543661104E-048   1.2704127605883625E-047   1.8886292713166149E-047   2.8021969037969787E-047   4.1573369610760519E-047
   1206.7926406393290        0.0000000000000000        0.0000000000000000        6.9875788075985627E-044   5.4616440066876770E-047   3.4425953800867484E-048   1.0962853934344325E-048   7.0379897465656579E-049   6.4606677137534004E-049   7.1261055912168293E-049   8.8380541866186753E-049   1.1762051738149527E-048   1.6224978960116185E-048   2.3194320819809941E-048   3.3298645285552542E-048   4.8489086484151555E-048   7.1350892855908732E-048   1.0555724667300191E-047   1.5681934764759001E-047   2.3357207456496384E-047   3.4769178798548240E-047
   1757.5106248547895        0.0000000000000000        0.0000000000000000        5.4386592940255602E-044   4.2980110570806423E-047   2.7287490143698568E-048   8.8005787348167982E-049   5.7037996122543920E-049   5.2873505382882972E-049   5.8642982162914534E-049   7.3138790116437507E-049   9.8031114857979068E-049   1.3506891238133788E-048   1.9292020263195744E-048   2.7934419323565578E-048   4.0626813043186147E-048   5.9722612914229028E-048   8.8264971290789052E-048   1.3101107579405791E-047   1.9496018796759237E-047   2.9079169155141797E-047
   2559.5479226995335        0.0000000000000000        0.0000000000000000        4.2379134571024320E-044   3.3754980861750892E-047   2.1715681441766388E-048   7.0828409363667300E-049   4.6315315162365213E-049   4.3349464430433610E-049   4.8370805236374342E-049   6.0699731196453566E-049   8.1765914207950789E-049   1.1286112253478118E-048   1.6103374137877194E-048   2.3423953932700418E-048   3.4208573610290311E-048   5.0229587853397141E-048   7.4146487633850473E-048   1.0993732401030103E-047   1.6342756249203202E-047   2.4353399266756158E-047
   3727.5937203149379        0.0000000000000000        0.0000000000000000        3.3055831719971933E-044   2.6649591234817267E-047   1.7339503017002956E-048   5.7107221113634496E-049   3.7642311912706807E-049   3.5462491468314198E-049   3.9915572359893540E-049   5.0410903054099124E-049   6.7864061548534003E-049   9.4427189403946796E-049   1.3459366713518094E-048   1.9559448571102014E-048   2.8754291277922154E-048   4.2336007815361072E-048   6.2415059785058065E-048   9.2437117768002510E-048   1.3725586974923832E-047   2.0432929057676657E-047
   5428.6754393238598        0.0000000000000000        0.0000000000000000        2.5954993771253028E-044   2.1140571801914080E-047   1.3887114846800658E-048   4.6112000158374225E-049   3.0603533159885882E-049   2.8996643731914918E-049   3.2904561362880606E-049   4.1814392257751395E-049   5.6261328220916800E-049   7.8913449343764958E-049   1.1237873829686965E-048   1.6317043458664671E-048   2.3968162750398962E-048   3.5494043831752760E-048   5.2498662897487377E-048   7.7663286387188123E-048   1.1518777931671760E-047   1.7130680386188788E-047
   7906.0432109076855        0.0000000000000000        0.0000000000000000        2.0501594551943384E-044   1.6844711387674776E-047   1.1154667708666689E-048   3.7288841615667590E-049   2.4887884434829359E-049   2.3692550364286562E-049   2.7079117055716914E-049   3.4603238592927872E-049   4.6534234885138340E-049   6.5760045236852701E-049   9.3571948293614403E-049   1.3576048816393962E-048   1.9927566857275859E-048   2.9493207698404529E-048   4.3803360600297660E-048   6.5056066734433394E-048   9.6386208323326368E-048   1.4321243267455684E-047
   11513.953993264458        0.0000000000000000        0.0000000000000000        1.6281395823357230E-044   1.3477229267860567E-047   8.9861006644740913E-049   3.0204612368217458E-049   2.0251823831905843E-049   1.9349912919473723E-049   2.2251237331276956E-049   2.8541471180705419E-049   3.8390376005714074E-049   5.4237358125886830E-049   7.7649783122545780E-049   1.1257977468312157E-048   1.6514248689053930E-048   2.4428769391981478E-048   3.6259978463586805E-048   5.4003272288201784E-048   8.0339312935533163E-048   1.1926946110258703E-047
   16768.329368110066        0.0000000000000000        0.0000000000000000        1.2992532959052570E-044   1.0824322162705790E-047   7.2603901245036639E-049   2.4513473087382180E-049   1.6497016103016001E-049   1.5804821963474500E-049   1.8269926907276256E-049   2.3410055837916884E-049   3.1608023698562252E-049   4.4630275278707226E-049   6.4248400371542735E-049   9.3080951764812075E-049   1.3645268062461695E-048   2.0174822183136962E-048   2.9929501948309769E-048   4.4553439881849981E-048   6.6438212292925291E-048   9.8976272211086562E-048
   24420.530945486498        0.0000000000000000        0.0000000000000000        1.0412896026899880E-044   8.7243960548499941E-048   5.8831958342911433E-049   1.9937285093537042E-049   1.3459051314356146E-049   1.2918417021811956E-049   1.5003519493893344E-049   1.9191072887247103E-049   2.5996386022664869E-049   3.6676583130542728E-049   5.3061857285907807E-049   7.6808933877470572E-049   1.1252124279691390E-048   1.6627846226214921E-048   2.4654432657114183E-048   3.6683921887659204E-048   5.4677789819235568E-048   8.1678711200263740E-048
   35564.803062231287        0.0000000000000000        0.0000000000000000        8.3776200896227744E-045   7.0546938236319134E-048   4.7809072646287648E-049   1.6252780701502548E-049   1.1001828484496759E-049   1.0572503014493086E-049   1.2332567272922464E-049   1.5736497343771112E-049   2.1380305891104331E-049   3.0129203010944297E-049   4.3637818648194015E-049   6.3333650811732968E-049   9.2707519649140880E-049   1.3691812203111193E-048   2.0289743882083383E-048   3.0175149753152898E-048   4.4955512525605791E-048   6.7129231430093855E-048
   51794.746792312020        0.0000000000000000        0.0000000000000000        6.7632933523964056E-045   5.7215054193313923E-048   3.8960882062403378E-049   1.3281613559965674E-049   9.0137835418997905E-050   8.6676554145793645E-050   1.0108630024221309E-049   1.2916025558726047E-049   1.7599471851166780E-049   2.4762803654697365E-049   3.5833259305346566E-049   5.2241584670309485E-049   7.6399769619718004E-049   1.1275560591238323E-048   1.6698673666618943E-048   2.4821337669294891E-048   3.6960878390280600E-048   5.5168140409289866E-048
   75431.200633546076        0.0000000000000000        0.0000000000000000        5.4767621398097199E-045   4.6529183260761663E-048   3.1838878442877128E-049   1.0881915870456670E-049   7.4044183202608451E-050   7.1215173479069276E-050   8.2993886503608100E-050   1.0617502226373343E-049   1.4511585429594309E-049   2.0377236523732650E-049   2.9452323351271190E-049   4.3149462917942367E-049   6.3032897463540412E-049   9.2951396636788575E-049   1.3755800386603332E-048   2.0434532021622800E-048   3.0411514135591311E-048   4.5370794095292570E-048
   109854.11419875573        0.0000000000000000        0.0000000000000000        4.4471353860548591E-045   3.7934342858779819E-048   2.6092117475872986E-049   8.9410825660732781E-050   6.1008962646751437E-050   5.8667391965384634E-050   6.8284683040942860E-050   8.7465139363666607E-050   1.1994310204045316E-049   1.6799998385918796E-049   2.4245318495931421E-049   3.5520745244060670E-049   5.2106139966892397E-049   7.6762504927555600E-049   1.1350376114465376E-048   1.6849152287394592E-048   2.5059308675828346E-048   3.7364942410965687E-048
   159985.87196060573        0.0000000000000000        0.0000000000000000        3.6200357563148053E-045   3.0999700358636745E-048   2.1445110757888280E-049   7.3697423160674513E-050   5.0448640020260590E-050   4.8487184170149964E-050   5.6332882343366736E-050   7.2248990164242067E-050   9.9450210001533946E-050   1.3885918344694652E-049   2.0001748555794811E-049   2.9265879428115854E-049   4.3190334524052440E-049   6.3552373204919150E-049   9.3876189450113310E-049   1.3923651906892102E-048   2.0692465747020368E-048   3.0833215825003397E-048
   232995.18105153670        0.0000000000000000        0.0000000000000000        2.9534369492916521E-045   2.5388821398384935E-048   1.7680670366798356E-049   6.0968298538565673E-050   4.1896424231284081E-050   4.0233894155427009E-050   4.6629215387898008E-050   5.9886274910250471E-050   8.2235599011535294E-050   1.1514744084492932E-049   1.6546904119191800E-049   2.4171815979620661E-049   3.5656670918384077E-049   5.2787519878387432E-049   7.7881239921980250E-049   1.1539502320460416E-048   1.7133751509860125E-048   2.5510187520108535E-048
   339322.17718953232        0.0000000000000000        0.0000000000000000        2.4146266073926222E-045   2.0837465142327184E-048   1.4626621171778503E-049   5.0656048787976842E-050   3.4978283667554380E-050   3.3552124337671784E-050   3.8760229076369446E-050   4.9854936745934848E-050   6.8099366024224261E-050   9.5876871836926540E-050   1.3736994052603293E-049   2.0026749184412886E-049   2.9498818849121201E-049   4.3780944417114479E-049   6.4861661834279460E-049   9.5986065576786243E-049   1.4236526050324671E-048   2.1176297503630329E-048
   494171.33613238280        0.0000000000000000        0.0000000000000000        1.9779729084922500E-045   1.7136934427288847E-048   1.2145486511655838E-049   4.2304383908717399E-050   2.9087356314328404E-050   2.8154066018192338E-050   3.2389418770923085E-050   4.1728814477440883E-050   5.6621568590593223E-050   8.0236815497318716E-050   1.1453877919950597E-049   1.6656543329331461E-049   2.4489916841660908E-049   3.6298780045780542E-049   5.3971948069266930E-049   8.0200726152327950E-049   1.1879896570948749E-048   1.7650567839245866E-048
   719685.67300115142        0.0000000000000000        0.0000000000000000        1.6232695757907138E-045   1.4121531435294353E-048   1.0084533082905215E-049   3.5398869518691986E-050   2.4281959790485028E-050   2.3567550218954081E-050   2.7240560357849988E-050   3.5142090029145379E-050   4.7309333315880672E-050   6.6963550615747938E-050   9.6000125038734315E-050   1.3917469014990143E-049   2.0416678100431369E-049   3.0212113014002097E-049   4.4862390745812983E-049   6.6839085557136021E-049   9.9638293878792934E-049   1.4783315489667304E-048
   1048113.1341546853        0.0000000000000000        0.0000000000000000        1.3345013684932193E-045   1.1659078816402145E-048   8.3553533058953090E-050   2.9525594938665135E-050   2.0391319188431372E-050   1.9766991725620010E-050   2.3083376984984359E-050   2.9381875117948049E-050   3.9752486094452719E-050   5.5936500702328919E-050   8.0939900694348732E-050   1.1689825704323874E-049   1.7101749516302152E-049   2.5256642416462616E-049   3.7444237224763553E-049   5.5710573234294347E-049   8.3052376377034260E-049   1.2408901078052369E-048
   1526417.9671752304        0.0000000000000000        0.0000000000000000        1.0989181823632031E-045   9.6437550064474161E-049   6.9415362910433135E-050   2.4739555744586424E-050   1.7234992761980683E-050   1.6684937759306162E-050   1.9385849763127592E-050   2.4697625716541109E-050   3.3605365277463649E-050   4.6950044645989719E-050   6.7689086526763099E-050   9.8729212240700068E-050   1.4396421123912070E-049   2.1211238411592016E-049   3.1387734434605676E-049   4.6623948510254555E-049   6.9411283049068002E-049   1.0357953597631673E-048
   2222996.4825261910        0.0000000000000000        0.0000000000000000        9.0633606131493068E-046   7.9906689855455222E-049   5.7809988102881078E-050   2.0818683291839318E-050   1.4659831612353851E-050   1.4172527010522390E-050   1.6362319220300173E-050   2.0868842130178175E-050   2.8543012379630555E-050   3.9588377554369657E-050   5.6784423652757421E-050   8.2896602816687916E-050   1.2175867762326229E-049   1.7890854667543982E-049   2.6417530579688820E-049   3.9168311303400428E-049   5.8221129798112211E-049   8.6758203773415281E-049
   3237457.5428176401        0.0000000000000000        0.0000000000000000        7.4860294171812101E-046   6.6141154838467730E-049   4.8237074322880834E-050   1.7580425815358207E-050   1.2466316850085853E-050   1.2104071783520502E-050   1.3872710368000206E-050   1.7711428512244249E-050   2.3963535008250262E-050   3.3507198071295732E-050   4.7785958476605936E-050   6.9493105260697767E-050   1.0221880378241043E-049   1.5143034646405611E-049   2.2307180979946630E-049   3.3006247426346261E-049   4.8977883898315092E-049   7.2870763674065669E-049
   4714866.3634573901        0.0000000000000000        0.0000000000000000        6.1918204839582975E-046   5.4525649593032224E-049   4.0300972745079494E-050   1.4879518960749379E-050   1.0498046720080739E-050   1.0248088204044138E-050   1.1798619599919373E-050   1.5076790837638032E-050   2.0160634560869845E-050   2.8431020909757714E-050   4.0296112320259237E-050   5.8360033211794105E-050   8.5589862338296110E-050   1.2668789470277189E-049   1.8829627300281778E-049   2.7869350433542146E-049   4.1280463640803459E-049   6.1316821106835617E-049
   6866488.4500429993        0.0000000000000000        0.0000000000000000        5.1282065981041788E-046   4.4990502606078215E-049   3.3694371149227848E-050   1.2511335816280516E-050   8.8498204416033732E-051   8.6328054998195732E-051   1.0032469552447392E-050   1.2671872707282984E-050   1.6976492273213182E-050   2.3789527937133469E-050   3.4010346358475650E-050   4.9047736700955372E-050   7.1714194675237269E-050   1.0592049902361666E-049   1.5716473382213588E-049   2.3398733739659531E-049   3.4821842168292231E-049   5.1635642879058824E-049
   9999999.9999999795        0.0000000000000000        0.0000000000000000        4.2528510141250982E-046   3.7155578920549863E-049   2.8179905710600413E-050   1.0443647422315862E-050   7.4595144335686470E-051   7.2715771950451366E-051   8.4042517649666002E-051   1.0620380645238130E-050   1.4293891266203410E-050   1.9892235074103616E-050   2.8627583942596757E-050   4.1219413069240524E-050   6.0085538436965249E-050   8.8553996126298966E-050   1.3117500886178185E-049   1.9500877601285177E-049   2.9067531153122512E-049   4.3416714504010662E-049
