   0.00000000       122.00000000000000        4492.0000000000000     
  0.10000000000000001        6.9816466096424032E-047   2.0781294018587173E-045
  0.14563484775012439        5.1455053307116255E-047   1.5364749729572738E-045
  0.21209508879201910        3.7892197900776048E-047   1.1289074006674038E-045
  0.30888435964774813        2.8235702859232136E-047   8.3894829464632742E-046
  0.44984326689694454        2.0902075001421069E-047   6.2388443239866961E-046
  0.65512855685955085        1.5678958495471234E-047   4.6590784826371977E-046
  0.95409547634999403        1.1773032980120020E-047   3.5219327832668318E-046
   1.3894954943731375        8.8728577872120001E-048   2.6454238939003688E-046
   2.0235896477251565        6.7632110053966175E-048   2.0090150192100524E-046
   2.9470517025518101        5.1672874490949040E-048   1.5418588681278701E-046
   4.2919342601287758        3.9590756433962814E-048   1.1825577901177278E-046
   6.2505519252739701        3.0642699723522832E-048   9.1262065140255230E-047
   9.1029817799152166        2.3936122311479823E-048   7.1116063280860033E-047
   13.257113655901083        1.8856434754618698E-048   5.5914832171309592E-047
   19.306977288832499        1.4896717401518815E-048   4.4334879906431875E-047
   28.117686979742281        1.1863263027861216E-048   3.5441942675901688E-047
   40.949150623804236        9.5458133656448373E-049   2.8567724276685886E-047
   59.636233165946436        7.7666929537742728E-049   2.3228711642786597E-047
   86.851137375135210        6.3988130181047913E-049   1.9071986307883878E-047
   126.48552168552959        5.3471243784777354E-049   1.5838776814897281E-047
   184.20699693267147        4.4924187948900537E-049   1.3340072769666176E-047
   268.26957952797250        3.8377892749071791E-049   1.1440939215613625E-047
   390.69399370546131        3.3518598387185930E-049   1.0036543497956628E-047
   568.98660290182931        2.9649566581871364E-049   8.8078860755987367E-048
   828.64277285468438        2.6582490939520849E-049   7.9634816904344408E-048
   1206.7926406393290        2.4208358127550318E-049   7.1992559374034146E-048
   1757.5106248547895        2.2278436840781919E-049   6.6628442593745598E-048
   2559.5479226995335        2.0465661798973773E-049   6.1152519805681548E-048
   3727.5937203149379        1.9003752364147877E-049   5.6459651719064050E-048
   5428.6754393238598        1.7300368790344479E-049   5.1986048171707857E-048
   7906.0432109076855        1.5710299105117799E-049   4.6843552129794666E-048
   11513.953993264458        1.3944849281810361E-049   4.1961537416929056E-048
   16768.329368110066        1.2309887817288053E-049   3.6662256900937736E-048
   24420.530945486498        1.0517073506655147E-049   3.1466699834015583E-048
   35564.803062231287        8.9034480540382282E-050   2.6745056478431877E-048
   51794.746792312020        7.4795357935985040E-050   2.2538265736760526E-048
   75431.200633546076        6.2479902608849295E-050   1.8833666150302717E-048
   109854.11419875573        5.2006503250959601E-050   1.5575269425617908E-048
   159985.87196060573        4.3204483138562994E-050   1.2859129090560949E-048
   232995.18105153670        3.5620644448246342E-050   1.0608161881157151E-048
   339322.17718953232        2.9343818746999978E-050   8.7493538349906054E-049
   494171.33613238280        2.4177115047141838E-050   7.2177194512888076E-049
   719685.67300115142        1.9929198404701709E-050   5.9572869863329021E-049
   1048113.1341546853        1.6438698019644602E-050   4.9206974311469932E-049
   1526417.9671752304        1.3570911610494669E-050   4.0683158349494743E-049
   2222996.4825261910        1.1214201314127568E-050   3.3672281791965878E-049
   3237457.5428176401        9.2765248813132517E-051   2.7902595615543367E-049
   4714866.3634573901        7.6822755785307821E-051   2.3134075839827692E-049
   6866488.4500429993        6.3694989444040898E-051   1.9065005374869086E-049
   9999999.9999999795        5.2875009711872660E-051   1.5725140099965359E-049
