   0.00000000       100.00000000000000     
  0.10000000000000001        5.5557234265985839E-047
  0.14563484775012439        4.0626269706863484E-047
  0.21209508879201910        2.9855143666016363E-047
  0.30888435964774813        2.2012632340281686E-047
  0.44984326689694454        1.6263929909679847E-047
  0.65512855685955085        1.2134738299456242E-047
  0.95409547634999403        9.0114767880494488E-048
   1.3894954943731375        6.7787168021361470E-048
   2.0235896477251565        5.1044099377659309E-048
   2.9470517025518101        3.8578450726209735E-048
   4.2919342601287758        2.9481855631524593E-048
   6.2505519252739701        2.2643887511292484E-048
   9.1029817799152166        1.7398704462297105E-048
   13.257113655901083        1.3503616815395967E-048
   19.306977288832499        1.0577332831684631E-048
   28.117686979742281        8.3564343435606726E-049
   40.949150623804236        6.6560931875380520E-049
   59.636233165946436        5.3448059219074354E-049
   86.851137375135210        4.3275323033964898E-049
   126.48552168552959        3.5363692187599746E-049
   184.20699693267147        2.9198863243293106E-049
   268.26957952797250        2.4414866915666579E-049
   390.69399370546131        2.0745270946559182E-049
   568.98660290182931        1.8007632604119660E-049
   828.64277285468438        1.5822665722990677E-049
   1206.7926406393290        1.4122732009987317E-049
   1757.5106248547895        1.2858426620597262E-049
   2559.5479226995335        1.1867850702907961E-049
   3727.5937203149379        1.1009908074286600E-049
   5428.6754393238598        1.0369433101175598E-049
   7906.0432109076855        9.7767609640474614E-050
   11513.953993264458        9.1070450507970867E-050
   16768.329368110066        8.4875048375853531E-050
   24420.530945486498        7.8022721583890400E-050
   35564.803062231287        7.0205028756534282E-050
   51794.746792312020        6.2340738791328868E-050
   75431.200633546076        5.4460347998997666E-050
   109854.11419875573        4.6436599301251198E-050
   159985.87196060573        3.9273125918813972E-050
   232995.18105153670        3.2980346927405454E-050
   339322.17718953232        2.7550209614301453E-050
   494171.33613238280        2.2935608884787962E-050
   719685.67300115142        1.8954890663243945E-050
   1048113.1341546853        1.5619683083037754E-050
   1526417.9671752304        1.2871154662414148E-050
   2222996.4825261910        1.0610483845152741E-050
   3237457.5428176401        8.7527565152418627E-051
   4714866.3634573901        7.2264723860711491E-051
   6866488.4500429993        5.9721874667649206E-051
   9999999.9999999795        4.9408665835080418E-051
