   0.00000000       5.0000000000000009        7.4594777891030546        11.128761777224360        16.602950259484825        24.769867738841974        36.954055647382404        55.131591463785448        82.250576400402196        122.70926955994489        183.06941415989363        273.12044575796682        407.46717977629612        607.89847546594820        906.92103515356939        1353.0314636396799        2018.5816301955592        3011.5129671870409        4492.8628180655114        6702.8820801693328        10000.000000000000     
  0.10000000000000001        0.0000000000000000        0.0000000000000000        0.0000000000000000        9.4881249793259304E-044   4.8343771176941065E-045   1.3175968500469253E-045   7.4221221315131674E-046   6.1428246949746686E-046   6.3425846593931213E-046   7.4497902803202158E-046   9.5508973631394764E-046   1.2884731594409006E-045   1.8004436140976942E-045   2.5638715368055255E-045   3.7192845126713389E-045   5.4562903995369543E-045   8.0484060938487427E-045   1.1872984664843577E-044   1.7582140693888866E-044   2.6105374900627207E-044
  0.14563484775012439        0.0000000000000000        0.0000000000000000        0.0000000000000000        6.8172137440395545E-044   3.5037531383775932E-045   9.5309490732599407E-046   5.3971194077757330E-046   4.4615701465730548E-046   4.5928537811868133E-046   5.4289647021537749E-046   6.9298392195378203E-046   9.3488597513694132E-046   1.3058245587090048E-045   1.8741543100699838E-045   2.7037053127245030E-045   3.9496146737299252E-045   5.8159296710437461E-045   8.6103532674495659E-045   1.2790373812824424E-044   1.9043800338841794E-044
  0.21209508879201910        0.0000000000000000        0.0000000000000000        0.0000000000000000        4.8919400256233102E-044   2.5148522924768991E-045   6.8981905882324496E-046   3.8964673920340261E-046   3.2331872834376944E-046   3.3435674929548309E-046   3.9343956480378187E-046   5.0456930103608281E-046   6.8185431001433120E-046   9.5181974322676994E-046   1.3564585635870397E-045   1.9688807681140201E-045   2.8896571579514268E-045   4.2552422617935808E-045   6.2791700639696573E-045   9.3008481454697732E-045   1.3812668042649822E-044
  0.30888435964774813        0.0000000000000000        0.0000000000000000        0.0000000000000000        3.5420980145542098E-044   1.8260201748643634E-045   5.0031505268032849E-046   2.8515487106956986E-046   2.3632452104884737E-046   2.4367881969719250E-046   2.8847366669928793E-046   3.6840908949739913E-046   4.9704192579400169E-046   6.9468928447777759E-046   9.9675810385444726E-046   1.4382259303431315E-045   2.1013665192494279E-045   3.0947769151785742E-045   4.5823880126028842E-045   6.8077551109960364E-045   1.0137206443396762E-044
  0.44984326689694454        0.0000000000000000        0.0000000000000000        0.0000000000000000        2.5444128852414560E-044   1.3201259482000049E-045   3.6449874514035021E-046   2.0668320385270000E-046   1.7205907962009727E-046   1.7834142131354326E-046   2.1015461383183926E-046   2.6977517854030989E-046   3.6465158207635114E-046   5.0936482980446808E-046   7.2586405083171786E-046   1.0535675734054097E-045   1.5462662966296774E-045   2.2785314462883157E-045   3.3619422248111786E-045   4.9793180438754085E-045   7.3941408738730810E-045
  0.65512855685955085        0.0000000000000000        0.0000000000000000        0.0000000000000000        1.8501792459450883E-044   9.6171159110509991E-046   2.6550074207829494E-046   1.5212909076258670E-046   1.2648436073729140E-046   1.3072841857418582E-046   1.5493926570396191E-046   1.9809401583932202E-046   2.6764455572105673E-046   3.7387437407806304E-046   5.3663321684946070E-046   7.7513096058862296E-046   1.1320949082883208E-045   1.6667759417979383E-045   2.4673995730511045E-045   3.6648873671893917E-045   5.4562280918613462E-045
  0.95409547634999403        0.0000000000000000        0.0000000000000000        0.0000000000000000        1.3356167295069765E-044   6.9977947522089621E-046   1.9457080378960148E-046   1.1091441786837755E-046   9.2720199341837904E-047   9.6418836323513126E-047   1.1373328172309015E-046   1.4625955930962115E-046   1.9739938210951534E-046   2.7648808470502066E-046   3.9358665830117779E-046   5.7086478344069737E-046   8.3736812948285068E-046   1.2371020250689047E-045   1.8260703884836194E-045   2.7031749030092304E-045   4.0122789505646540E-045
   1.3894954943731375        0.0000000000000000        0.0000000000000000        0.0000000000000000        9.7451193911195190E-045   5.1240532096039806E-046   1.4262638998269540E-046   8.2061334331319399E-047   6.8511472461377419E-047   7.1045307864193230E-047   8.4269447597773341E-047   1.0794702987884881E-046   1.4631027129725340E-046   2.0398246222396181E-046   2.9239752460785442E-046   4.2430067506292530E-046   6.1902373804398359E-046   9.1059237450836432E-046   1.3470577223018042E-045   1.9995938556053308E-045   2.9753244034494344E-045
   2.0235896477251565        0.0000000000000000        0.0000000000000000        0.0000000000000000        7.0808448587970776E-045   3.7500645448493438E-046   1.0507543556390952E-046   6.0332388039685231E-047   5.0712034752042160E-047   5.2976559635045829E-047   6.2524787537966426E-047   8.0636614135020633E-047   1.0842808899333080E-046   1.5252815125464070E-046   2.1684192226454795E-046   3.1400058798066756E-046   4.6002221431297375E-046   6.7895568316459418E-046   1.0071739229405375E-045   1.4924985628200974E-045   2.2131952512241200E-045
   2.9470517025518101        0.0000000000000000        0.0000000000000000        0.0000000000000000        5.1936654041161659E-045   2.7664145985693253E-046   7.7720464607249603E-047   4.4844758295552578E-047   3.7644441075840605E-047   3.9217880022719293E-047   4.6535610807341525E-047   5.9788903319433729E-047   8.1396848517789083E-047   1.1316762208967136E-046   1.6180500246567986E-046   2.3543381616850892E-046   3.4472440274987753E-046   5.0627967496533573E-046   7.4798280426423769E-046   1.1090566369243279E-045   1.6485507750292589E-045
   4.2919342601287758        0.0000000000000000        0.0000000000000000        0.0000000000000000        3.7957748262017924E-045   2.0350550005203311E-046   5.7527567521269515E-047   3.3359101931356710E-047   2.8245566470584515E-047   2.9412618801005198E-047   3.5051588455654535E-047   4.4904363390808238E-047   6.0647211334063618E-047   8.4967709828392874E-047   1.2187648443821690E-046   1.7598603461590257E-046   2.5727448178843939E-046   3.7906979696732639E-046   5.6154711193298588E-046   8.3456865031011104E-046   1.2431386117078055E-045
   6.2505519252739701        0.0000000000000000        0.0000000000000000        0.0000000000000000        2.8054432324540924E-045   1.5170585130613604E-046   4.3090478175712933E-047   2.4898459198327853E-047   2.1054071737746805E-047   2.2077428189812409E-047   2.6194593058081957E-047   3.3805995241923953E-047   4.5703770980096819E-047   6.4135425747349552E-047   9.1310255502227767E-047   1.3246756980543384E-046   1.9434137076402689E-046   2.8715200305367237E-046   4.2440995512287775E-046   6.2811753322913241E-046   9.3210462695098948E-046
   9.1029817799152166        0.0000000000000000        0.0000000000000000        0.0000000000000000        2.0610059726419272E-045   1.1210905529545551E-046   3.2028009169818068E-047   1.8806557871203686E-047   1.5885319808995008E-047   1.6619547167503457E-047   1.9809949219308976E-047   2.5485065442653937E-047   3.4727915078600748E-047   4.8335450872630266E-047   6.9209862615597347E-047   1.0081612035908705E-046   1.4725266690728410E-046   2.1637411558509460E-046   3.1983034199847626E-046   4.7441738816038643E-046   7.0545230053160918E-046
   13.257113655901083        0.0000000000000000        0.0000000000000000        0.0000000000000000        1.5352672814035789E-045   8.3941680347837209E-047   2.4103013489414402E-047   1.4104437841698273E-047   1.2047531081991956E-047   1.2648994806474014E-047   1.5119447442791481E-047   1.9422003014947231E-047   2.6265330029606671E-047   3.6827872847672514E-047   5.2878663877812858E-047   7.6356490410469820E-047   1.1162772819119065E-046   1.6447624343172382E-046   2.4367182785831726E-046   3.6216370597276190E-046   5.3948734391605177E-046
   19.306977288832499        0.0000000000000000        0.0000000000000000        0.0000000000000000        1.1363893740246126E-045   6.2922415247399255E-047   1.8215209880820401E-047   1.0688551457268408E-047   9.1203887712303103E-048   9.6325656982537276E-048   1.1473415267649927E-047   1.4861586088941886E-047   2.0075174201149726E-047   2.8281706220202965E-047   4.0218053383253063E-047   5.8304878971925959E-047   8.5492987673363595E-047   1.2626884880094110E-046   1.8743827372916777E-046   2.7723554576236007E-046   4.1114547937657892E-046
   28.117686979742281        0.0000000000000000        0.0000000000000000        0.0000000000000000        8.4991795307160160E-046   4.7280024065214042E-047   1.3752803162595474E-047   8.1819940775532170E-048   6.9759199316386277E-048   7.3545174223600868E-048   8.7952378542661419E-048   1.1362946987329164E-047   1.5486367254982296E-047   2.1620156551982865E-047   3.0893139161685334E-047   4.4940655364736849E-047   6.6068451870392995E-047   9.7061538097317121E-047   1.4329626366987984E-046   2.1232971745743627E-046   3.1542689273734704E-046
   40.949150623804236        0.0000000000000000        0.0000000000000000        9.1133588370950259E-043   6.3867906754673639E-046   3.5921169444045712E-047   1.0493199648173820E-047   6.2366945357841607E-048   5.3841275914645612E-048   5.6680248252297840E-048   6.8024676363879558E-048   8.7689704982208844E-048   1.1949759798155681E-047   1.6682805247114387E-047   2.3937629880176474E-047   3.4863996895926784E-047   5.0836723344552897E-047   7.4751609670384957E-047   1.1056868922200695E-046   1.6410599183244342E-046   2.4414834466631913E-046
   59.636233165946436        0.0000000000000000        0.0000000000000000        6.8100320421240268E-043   4.7939483688479554E-046   2.7270872167475163E-047   8.0701238426210615E-048   4.7874863035418683E-048   4.1427265284754324E-048   4.4043671031719955E-048   5.2908968672193540E-048   6.8226484175682596E-048   9.2474119082340028E-048   1.2979208545719155E-047   1.8674120974128761E-047   2.6959879213853532E-047   3.9408177482238705E-047   5.8060464725085567E-047   8.6020602016586570E-047   1.2785342627063858E-046   1.9045594972650055E-046
   86.851137375135210        0.0000000000000000        0.0000000000000000        5.0947904252723494E-043   3.6389465000605537E-046   2.0778591301174677E-047   6.1744052390471330E-048   3.7068599697756177E-048   3.2065688935691442E-048   3.4254240318710902E-048   4.1052532924257012E-048   5.3466371009052866E-048   7.2135769041236751E-048   1.0171148781837623E-047   1.4517736257313244E-047   2.1017586643845027E-047   3.0786790139775527E-047   4.5434584849906377E-047   6.7408960754747359E-047   1.0031297702704370E-046   1.4875592915065730E-046
   126.48552168552959        0.0000000000000000        0.0000000000000000        3.8224108127652008E-043   2.7712170185379743E-046   1.5981722968104482E-047   4.7667160887504118E-048   2.8920244387721858E-048   2.5014493719695793E-048   2.6701007859513807E-048   3.2101151651257764E-048   4.1770575263727531E-048   5.6669066013037540E-048   7.9894954623488240E-048   1.1372493547969831E-047   1.6502916664034616E-047   2.4216750117645352E-047   3.5789455415815580E-047   5.3088430927826203E-047   7.8512149558130639E-047   1.1643166122097873E-046
   184.20699693267147        0.0000000000000000        0.0000000000000000        2.9007226851091364E-043   2.1098242447658259E-046   1.2394427212242777E-047   3.7092618170001663E-048   2.2579452234282152E-048   1.9649267769439493E-048   2.0964434251237708E-048   2.5275004235587213E-048   3.2848534401661370E-048   4.4797848303672823E-048   6.2838698853118150E-048   8.9689055969770707E-048   1.3040578407728568E-047   1.9164549086985479E-047   2.8310792599385737E-047   4.1755171069494325E-047   6.1816918955097477E-047   9.1760043349590578E-047
   268.26957952797250        0.0000000000000000        0.0000000000000000        2.1968695792381375E-043   1.6217493939340838E-046   9.5762875601152921E-048   2.9066718477205879E-048   1.7669236468467595E-048   1.5529796705065673E-048   1.6566785691330524E-048   2.0022945877856651E-048   2.5999737092269090E-048   3.5611175188089823E-048   4.9747144527421334E-048   7.1159920330849125E-048   1.0363097956546051E-047   1.5248282214141891E-047   2.2390705251295730E-047   3.3056216677791265E-047   4.8980367934946675E-047   7.2761442060218582E-047
   390.69399370546131        0.0000000000000000        0.0000000000000000        1.6727973806215738E-043   1.2571372371630350E-046   7.4463628852310661E-048   2.2853394329494623E-048   1.3920897412070466E-048   1.2341320164453489E-048   1.3167567200878592E-048   1.5950002599900404E-048   2.0699260209505812E-048   2.8438537252431863E-048   3.9615892746024031E-048   5.6765445888922577E-048   8.2773050000282555E-048   1.2137952092046545E-047   1.7817132708369962E-047   2.6324181286164877E-047   3.9031250947950549E-047   5.8016342192779758E-047
   568.98660290182931        0.0000000000000000        0.0000000000000000        1.2861834544708453E-043   9.7557432061007157E-047   5.8323114938996370E-048   1.7966427889776090E-048   1.1034743428032359E-048   9.8007720137840921E-049   1.0520873613268364E-048   1.2769483632037764E-048   1.6567535759672143E-048   2.2726984918582866E-048   3.1719002676103166E-048   4.5507395893328279E-048   6.6419839263834325E-048   9.7071027988843412E-048   1.4257618528919982E-047   2.1076768432251688E-047   3.1265857566361310E-047   4.6493818382060982E-047
   828.64277285468438        0.0000000000000000        0.0000000000000000        9.9653821764087222E-044   7.5841692800383462E-047   4.5976545947496447E-048   1.4215466241051040E-048   8.7954522538221054E-049   7.8268158079330737E-049   8.4469444448311473E-049   1.0270840086170369E-048   1.3326781324625327E-048   1.8267060344072529E-048   2.5525424794800714E-048   3.6651073901092018E-048   5.3527384621003277E-048   7.8062352829279707E-048   1.1469648197638269E-047   1.6961199674083759E-047   2.5168217771603014E-047   3.7436337586678087E-047
   1206.7926406393290        0.0000000000000000        0.0000000000000000        7.6873919093015329E-044   5.9398023003350214E-047   3.6452858056268629E-048   1.1313481323181926E-048   7.0463625047267012E-049   6.2857115209095013E-049   6.8128965122288219E-049   8.2977657180707568E-049   1.0771448685498098E-048   1.4764560188155929E-048   2.0642355851266184E-048   2.9649971481645942E-048   4.3315929989818808E-048   6.3115930747021955E-048   9.2743067791393510E-048   1.3716553019309158E-047   2.0355858959584321E-047   3.0281231678563694E-047
   1757.5106248547895        0.0000000000000000        0.0000000000000000        5.9801786186123063E-044   4.6826680291695880E-047   2.9051825744959683E-048   9.0525049068398923E-049   5.6721605142881095E-049   5.0756201308112103E-049   5.5194816426960466E-049   6.7330635369345937E-049   8.7478904090632319E-049   1.2001308904551025E-048   1.6776287828154316E-048   2.4093574419413229E-048   3.5197509936571186E-048   5.1311874217513313E-048   7.5382273045251784E-048   1.1147870699154062E-047   1.6542406849058375E-047   2.4606413065731886E-047
   2559.5479226995335        0.0000000000000000        0.0000000000000000        4.6867324055379058E-044   3.7133103494649158E-047   2.3262233114489284E-048   7.2800260460739469E-049   4.5870422915854476E-049   4.1208906342795774E-049   4.4918573640051864E-049   5.4880450942420760E-049   7.1401752555450930E-049   9.8139289377553190E-049   1.3705854082299932E-048   1.9670726712096148E-048   2.8724862095621860E-048   4.1959816936343898E-048   6.1610472700421883E-048   9.1081124856222657E-048   1.3511448101910928E-047   2.0092343042488113E-047
   3727.5937203149379        0.0000000000000000        0.0000000000000000        3.6971765791413748E-044   2.9600988871985866E-047   1.8693800410237851E-048   5.8829252883966573E-049   3.7264992104079180E-049   3.3647358937436064E-049   3.6730646055551432E-049   4.4950036705696427E-049   5.8600560450647051E-049   8.0789724035409616E-049   1.1262638454814082E-048   1.6143571101509087E-048   2.3554916378918675E-048   3.4537011876920918E-048   5.0665703938472587E-048   7.4854033676920891E-048   1.1098013946221201E-047   1.6495026883861324E-047
   5428.6754393238598        0.0000000000000000        0.0000000000000000        2.9334711578212350E-044   2.3707912677182851E-047   1.5063401962261767E-048   4.7763748212178695E-049   3.0415352213877015E-049   2.7640778500826857E-049   3.0193509496565189E-049   3.7017925078468633E-049   4.8397684352942092E-049   6.6640506877348026E-049   9.3174088675708006E-049   1.3328744138093213E-048   1.9422334183306427E-048   2.8593488710363370E-048   4.1964436831686294E-048   6.1938862539641343E-048   9.1752671558413404E-048   1.3626556396209927E-047
   7906.0432109076855        0.0000000000000000        0.0000000000000000        2.3394268302721137E-044   1.9068371205794233E-047   1.2200841715910679E-048   3.8960642764773793E-049   2.4945391707362218E-049   2.2858589336272624E-049   2.4967634571753374E-049   3.0678547515751195E-049   4.0267701002779855E-049   5.5241546430903689E-049   7.7700617028601667E-049   1.1083569464793511E-048   1.6120009258853657E-048   2.3697789771981258E-048   3.5055479608306334E-048   5.1670383078765306E-048   7.6447551798969332E-048   1.1340838986027441E-047
   11513.953993264458        0.0000000000000000        0.0000000000000000        1.8740768448050844E-044   1.5394806265614691E-047   9.9306539330793837E-049   3.1926996372877999E-049   2.0563065543133832E-049   1.8947943184248657E-049   2.0786249473684130E-049   2.5612613001729911E-049   3.3798119642869236E-049   4.6129301211566230E-049   6.5420980591295750E-049   9.2956919698794323E-049   1.3484393165998515E-048   1.9783958967950830E-048   2.9233523193671566E-048   4.3451467934003762E-048   6.4290993821179654E-048   9.5228824834158783E-048
   16768.329368110066        0.0000000000000000        0.0000000000000000        1.5020885801887255E-044   1.2470637427002475E-047   8.1172416068985204E-049   2.6281026478131944E-049   1.7038886921944149E-049   1.5738241791928372E-049   1.7436432851527671E-049   2.1564622370146872E-049   2.8602426640962116E-049   3.8852579043793886E-049   5.4954162029690221E-049   7.8750824532456952E-049   1.1384177733225695E-048   1.6658647635127659E-048   2.4562759811535328E-048   3.6452117040837134E-048   5.4250169613431072E-048   8.0805112727600091E-048
   24420.530945486498        0.0000000000000000        0.0000000000000000        1.2095264992819387E-044   1.0131426090804505E-047   6.6397349178736896E-049   2.1724790288907369E-049   1.4190727302763463E-049   1.3143044611686963E-049   1.4745117624662341E-049   1.8325806143012183E-049   2.4097455727978031E-049   3.3041428028187048E-049   4.6469570047930863E-049   6.6936039288167596E-049   9.7114267471826734E-049   1.4162937213479643E-048   2.0825314803586234E-048   3.0843768645096663E-048   4.5820223355230822E-048   6.8216946914623613E-048
   35564.803062231287        0.0000000000000000        0.0000000000000000        9.7798096581063709E-045   8.2515672546660196E-048   5.4442397822536931E-049   1.8025511509327863E-049   1.1873661747513134E-049   1.1032080228772065E-049   1.2491707872527528E-049   1.5551918948530836E-049   2.0460381696919065E-049   2.8384934347628865E-049   3.9643054816014336E-049   5.6806386056523974E-049   8.2895761005646857E-049   1.2162760798176012E-048   1.7822991735091617E-048   2.6332115211197544E-048   3.9030083831964983E-048   5.7987591691417306E-048
   51794.746792312020        0.0000000000000000        0.0000000000000000        7.9365549396727802E-045   6.7346910990985840E-048   4.4729414620877949E-049   1.5002823813242169E-049   9.9736421560508873E-050   9.3007370628387279E-050   1.0529198082998088E-049   1.3178439211267748E-049   1.7498391536892458E-049   2.4116868980051914E-049   3.4100270176309963E-049   4.8561354632803692E-049   7.0567723157690514E-049   1.0365342327047124E-048   1.5326018200110855E-048   2.2666204130227522E-048   3.3507163953515527E-048   4.9659851274302734E-048
   75431.200633546076        0.0000000000000000        0.0000000000000000        6.4617542751667360E-045   5.5065239348450794E-048   3.6811387713687883E-049   1.2457720631860602E-049   8.3080029839949536E-050   7.8674079314061583E-050   8.9063207551862209E-050   1.1216948985217427E-049   1.5052695722223524E-049   2.0569501430259349E-049   2.9184482860634649E-049   4.1751671860346441E-049   6.0382952613605148E-049   8.8368657986856355E-049   1.3026374246035666E-048   1.9341690655640209E-048   2.8790839915865136E-048   4.2770543586315248E-048
   109854.11419875573        0.0000000000000000        0.0000000000000000        5.2766404354660138E-045   4.5094429460141159E-048   3.0342044806502712E-049   1.0316318925222438E-049   6.9250616973335794E-050   6.6412487719653645E-050   7.5517155843300767E-050   9.5760755556065005E-050   1.2776675055879397E-049   1.7599950340642073E-049   2.4808566147139703E-049   3.5725389297024529E-049   5.1825825909173983E-049   7.5542024185271366E-049   1.1098611676182779E-048   1.6441760203537897E-048   2.4422499098088186E-048   3.6349840187735501E-048
   159985.87196060573        0.0000000000000000        0.0000000000000000        4.3207941441735468E-045   3.6983258833336974E-048   2.5050671176414739E-049   8.5564987238167849E-050   5.7813807632450038E-050   5.5580710971618092E-050   6.4141972571369796E-050   8.1644985702341582E-050   1.0824428733875217E-049   1.5082804448651219E-049   2.1111790956896942E-049   3.0236528337507952E-049   4.4120246496233676E-049   6.4626710364695254E-049   9.4615543893145500E-049   1.3983394280243488E-048   2.0725255245076421E-048   3.0784016754055667E-048
   232995.18105153670        0.0000000000000000        0.0000000000000000        3.5358009343402153E-045   3.0374669223569293E-048   2.0722373778882376E-049   7.1119471930788543E-050   4.8371752677667369E-050   4.6592922794281236E-050   5.4179717773818341E-050   6.8694753034110598E-050   9.1777913425941084E-050   1.2732757317510654E-049   1.7969932085159393E-049   2.5587503685900421E-049   3.7193913476160562E-049   5.4640585122102165E-049   8.0615146788434481E-049   1.1885408171690170E-048   1.7576314761095995E-048   2.6052593795254813E-048
   339322.17718953232        0.0000000000000000        0.0000000000000000        2.8964936312856162E-045   2.4983455616386104E-048   1.7183739257939444E-049   5.9291247896978892E-050   4.0608661669883337E-050   3.9165852505774519E-050   4.5469950398297269E-050   5.7884280245475217E-050   7.7913586485078953E-050   1.0727354080583976E-049   1.5267548583849819E-049   2.1651425631647810E-049   3.1344233634497198E-049   4.5908690047654507E-049   6.7701080231043469E-049   1.0064236783888239E-048   1.4895129767531169E-048   2.2031792363945565E-048
   494171.33613238280        0.0000000000000000        0.0000000000000000        2.3765740662582903E-045   2.0580220061116026E-048   1.4292864764919053E-049   4.9638288445591831E-050   3.4264162634212485E-050   3.3068384118340542E-050   3.8284863894722517E-050   4.8911617490593445E-050   6.6140315784076092E-050   9.0509347174141179E-050   1.2805500298830230E-049   1.8335518720065361E-049   2.6425774535178965E-049   3.8580272007450218E-049   5.6745790976922768E-049   8.4214706567441765E-049   1.2526796059314762E-048   1.8632260284322014E-048
   719685.67300115142        0.0000000000000000        0.0000000000000000        1.9530427134232447E-045   1.6979606990468728E-048   1.1932340643368156E-049   4.1789081184094575E-050   2.8903219059314878E-050   2.8103086961184979E-050   3.2399787099341866E-050   4.1520667415632691E-050   5.5561560882719085E-050   7.6585551381893612E-050   1.0761285939097032E-049   1.5441124191508469E-049   2.2316266469876008E-049   3.2465010466788029E-049   4.7615702261395833E-049   7.0536493300502253E-049   1.0474921123801307E-048   1.5585789743493937E-048
   1048113.1341546853        0.0000000000000000        0.0000000000000000        1.6074649848060656E-045   1.4031420964509196E-048   1.0002728664116437E-049   3.5321030707743611E-050   2.4330921031284984E-050   2.3757954129747220E-050   2.7615029864564549E-050   3.5356282818520029E-050   4.6871734833376779E-050   6.5092519899544100E-050   9.0721581077846640E-050   1.2941637040722160E-049   1.8847920389285936E-049   2.7388513044148957E-049   4.0042902395130971E-049   5.9198604756264229E-049   8.7752743048485714E-049   1.3035401226100377E-048
   1526417.9671752304        0.0000000000000000        0.0000000000000000        1.3250200744374272E-045   1.1613775210146079E-048   8.3191296404689325E-050   2.9660693334314081E-050   2.0632883043992719E-050   2.0138855518797511E-050   2.3528750077480914E-050   2.9852534134353508E-050   3.9754729227904225E-050   5.4870027960510008E-050   7.6800468559680083E-050   1.0881074327567364E-049   1.5778685426015515E-049   2.3157753016017431E-049   3.3777174794071919E-049   4.9822224772471604E-049   7.3704345236623398E-049   1.0928552615863602E-048
   2222996.4825261910        0.0000000000000000        0.0000000000000000        1.0937714011200110E-045   9.6277569042227127E-049   6.9384276080009821E-050   2.5043519274074279E-050   1.7639100072711253E-050   1.7208669986212483E-050   1.9970942123315315E-050   2.5358302245948759E-050   3.3920372296823277E-050   4.6275196804696810E-050   6.5312478637440306E-050   9.1803114878212343E-050   1.3246382537453089E-049   1.9375995137879692E-049   2.8551640807165224E-049   4.2060003995457583E-049   6.2081418166865572E-049   9.1865170991996121E-049
   3237457.5428176401        0.0000000000000000        0.0000000000000000        9.0410193936297670E-046   7.9932302169613400E-049   5.8006734713310886E-050   2.1250926788841415E-050   1.5199063437721347E-050   1.4822382034051592E-050   1.7060244091966917E-050   2.1666930755499823E-050   2.8893821979686955E-050   3.9173357162430205E-050   5.4954705428684547E-050   7.7695478617009760E-050   1.1148401747087784E-049   1.6246483588240961E-049   2.3871526295456510E-049   3.5439337405064625E-049   5.2423486426634299E-049   7.7402888800278038E-049
   4714866.3634573901        0.0000000000000000        0.0000000000000000        7.4826724523739483E-046   6.6230828773668519E-049   4.8576610935331325E-050   1.8101405998436269E-050   1.2887445957255679E-050   1.2673207029850323E-050   1.4651230272430124E-050   1.8599733277700315E-050   2.4396294404022984E-050   3.3253802310758129E-050   4.6213805825764326E-050   6.5864246266827163E-050   9.3989683625242846E-050   1.3642292409486091E-049   1.9983697056972282E-049   2.9610853511413002E-049   4.3988455932856833E-049   6.5321378664778094E-049
   6866488.4500429993        0.0000000000000000        0.0000000000000000        6.2003081288487532E-046   5.4653073400418979E-049   4.0716893153607393E-050   1.5365902427553687E-050   1.0956298877590192E-050   1.0774527130669351E-050   1.2523594788735818E-050   1.5731696680274920E-050   2.0630108831771469E-050   2.8268618890534849E-050   3.8897409218911537E-050   5.5068479490044503E-050   7.9299906326226022E-050   1.1462473446372580E-049   1.6737498126689679E-049   2.4752004503846814E-049   3.6706721472552866E-049   5.4554721059700691E-049
   9999999.9999999795        0.0000000000000000        0.0000000000000000        5.1436199264946489E-046   4.5135241820170101E-049   3.4138856248665911E-050   1.2895697621933063E-050   9.3225248178963274E-051   9.1693397224694495E-051   1.0579887980211413E-050   1.3277928341333485E-050   1.7448868563622795E-050   2.3713594962343552E-050   3.2736979962270750E-050   4.6035996259196648E-050   6.6524427224567473E-050   9.6297109666657174E-050   1.4016698408079170E-049   2.0687525924824671E-049   3.0625960107948618E-049   4.5446649112862901E-049
