   0.00000000       5.0000000000000009        7.4594777891030546        11.128761777224360        16.602950259484825        24.769867738841974        36.954055647382404        55.131591463785448        82.250576400402196        122.70926955994489        183.06941415989363        273.12044575796682        407.46717977629612        607.89847546594820        906.92103515356939        1353.0314636396799        2018.5816301955592        3011.5129671870409        4492.8628180655114        6702.8820801693328        10000.000000000000     
  0.10000000000000001        0.0000000000000000        0.0000000000000000        0.0000000000000000        8.8700151209616723E-044   4.5525932007375672E-045   1.2480204026401643E-045   7.0244080120489740E-046   5.8160889417829895E-046   6.0071521042197651E-046   7.0906640495047919E-046   9.0919898898814067E-046   1.2363629242835645E-045   1.7193064320395142E-045   2.4592630587600578E-045   3.5779281670892275E-045   5.2396119178022115E-045   7.6994531159036686E-045   1.1375704620039541E-044   1.6868001656334432E-044   2.5076859942715194E-044
  0.14563484775012439        0.0000000000000000        0.0000000000000000        0.0000000000000000        6.3715036183837675E-044   3.2698750553924238E-045   8.9521292485778457E-046   5.0783529636918564E-046   4.2210042170534444E-046   4.3696427860714080E-046   5.1487539384261905E-046   6.6235533614495760E-046   8.9097660217206341E-046   1.2516964004516129E-045   1.7852308161888033E-045   2.5842535940906512E-045   3.7846613021755060E-045   5.5842010544281228E-045   8.2787308699525115E-045   1.2308005873086041E-044   1.8250264829565899E-044
  0.21209508879201910        0.0000000000000000        0.0000000000000000        0.0000000000000000        4.5623480921713103E-044   2.3614752514017410E-045   6.4964742383669749E-046   3.6748263577080103E-046   3.0498329240267184E-046   3.1544413064775545E-046   3.7312449976710817E-046   4.7856563470883933E-046   6.5075994524862038E-046   9.0576975599434121E-046   1.2970703604647312E-045   1.8886078608223295E-045   2.7594718396195240E-045   4.0570795960125478E-045   5.9967659128016350E-045   8.8952859756002687E-045   1.3228578339315715E-044
  0.30888435964774813        0.0000000000000000        0.0000000000000000        0.0000000000000000        3.2766291964940055E-044   1.6976384750696114E-045   4.6802920274075389E-046   2.6635329730432584E-046   2.2204779893280524E-046   2.3090655440075247E-046   2.7197056938364297E-046   3.5074888663333398E-046   4.7179976347322173E-046   6.6357089943437621E-046   9.4551046049443972E-046   1.3694778554876686E-045   2.0064563185925912E-045   2.9614751016036190E-045   4.3916401255424188E-045   6.5201342891693319E-045   9.6698788642320621E-045
  0.44984326689694454        0.0000000000000000        0.0000000000000000        0.0000000000000000        2.3650727898866898E-044   1.2348083488392921E-045   3.4056079280388097E-046   1.9402395154583539E-046   1.6150100616791135E-046   1.6738618184744803E-046   1.9835238595479574E-046   2.5462824363635816E-046   3.4643117587521677E-046   4.8248948350360461E-046   6.9123507686965331E-046   1.0067876196408883E-045   1.4708510633753823E-045   2.1627492160542233E-045   3.1970222146989952E-045   4.7425856973127449E-045   7.0533548394508629E-045
  0.65512855685955085        0.0000000000000000        0.0000000000000000        0.0000000000000000        1.6999423044057232E-044   8.8952853129508007E-046   2.4703196882683561E-046   1.4121645813600136E-046   1.1817426173930231E-046   1.2324100076401238E-046   1.4542140411903681E-046   1.8772604632685634E-046   2.5270716981842712E-046   3.5548910012052806E-046   5.0706031331564995E-046   7.3438684592087948E-046   1.0759073797096798E-045   1.5879311390018197E-045   2.3546487926492764E-045   3.5000477987633708E-045   5.1900911811862000E-045
  0.95409547634999403        0.0000000000000000        0.0000000000000000        0.0000000000000000        1.2358829510095551E-044   6.4936603217768061E-046   1.8054030407566366E-046   1.0348534334134358E-046   8.6464273629980478E-047   8.9879063419090940E-047   1.0667027577375824E-046   1.3716033394408925E-046   1.8701120377364782E-046   2.6030639020338752E-046   3.7278667245710571E-046   5.4281342111974362E-046   7.9496098249801975E-046   1.1684818352906211E-045   1.7267085505966870E-045   2.5607010834340719E-045   3.8073933390014868E-045
   1.3894954943731375        0.0000000000000000        0.0000000000000000        0.0000000000000000        8.9005993557548528E-045   4.7073806810760639E-046   1.3176295075939986E-046   7.5788550918421185E-047   6.3735082847221593E-047   6.6528238921553032E-047   7.8866555074857703E-047   1.0164600026000337E-046   1.3717870164793844E-046   1.9278552336977933E-046   2.7595338265579769E-046   3.9934500095794485E-046   5.8468442516995154E-046   8.6249244230591994E-046   1.2783664066041197E-045   1.9007672411738207E-045   2.8284552487934940E-045
   2.0235896477251565        0.0000000000000000        0.0000000000000000        0.0000000000000000        6.4950150536883551E-045   3.4537212735897612E-046   9.6924809525238363E-047   5.5839011875335147E-047   4.6884419106316668E-047   4.8937556783156845E-047   5.8154334544884256E-047   7.4976167365101598E-047   1.0205826095948721E-046   1.4259228794434182E-046   2.0392540463257594E-046   2.9663612055864874E-046   4.3600974567397033E-046   6.4157212873694545E-046   9.4727463511238168E-046   1.4037485740441744E-045   2.0857973984432235E-045
   2.9470517025518101        0.0000000000000000        0.0000000000000000        0.0000000000000000        4.7062475967316601E-045   2.5187666846302886E-046   7.1128330020200965E-047   4.1258706901937958E-047   3.4923446643642413E-047   3.6397500154962947E-047   4.3463091987662005E-047   5.5827679198636752E-047   7.5688017762011115E-047   1.0611181900323299E-046   1.5270550636855835E-046   2.2089438048079555E-046   3.2296749355906880E-046   4.7589617418633053E-046   7.0469327284608416E-046   1.0469051474891198E-045   1.5590810005918459E-045
   4.2919342601287758        0.0000000000000000        0.0000000000000000        0.0000000000000000        3.4509727198153880E-045   1.8615680166154407E-046   5.2809057596071513E-047   3.0546995876926812E-047   2.5816361006793364E-047   2.7103365215608097E-047   3.2241557272393144E-047   4.1736799020022394E-047   5.6567564858173750E-047   7.9609140401851000E-047   1.1354494367661741E-046   1.6484372060199388E-046   2.4192900613437328E-046   3.5755964114485208E-046   5.2995565751091444E-046   7.8426988745179321E-046   1.1639425389838346E-045
   6.2505519252739701        0.0000000000000000        0.0000000000000000        0.0000000000000000        2.5157707955591220E-045   1.3649522630216426E-046   3.8946207540318440E-047   2.2854376221943376E-047   1.9336968987814259E-047   2.0248260822861449E-047   2.4201017213448001E-047   3.1216996732461682E-047   4.2633891426796208E-047   5.9511723811050888E-047   8.5395494989259187E-047   1.2451521060162877E-046   1.8215783612531164E-046   2.6790057854000549E-046   3.9605495058300657E-046   5.8754096173879517E-046   8.7387546446835865E-046
   9.1029817799152166        0.0000000000000000        0.0000000000000000        0.0000000000000000        1.8579329083008486E-045   1.0149999487785564E-046   2.9108894205627522E-047   1.6996683209479612E-047   1.4492958325398129E-047   1.5308337338127737E-047   1.8265061646231231E-047   2.3627433046691240E-047   3.2004610021528558E-047   4.5024570678908978E-047   6.4694990236648059E-047   9.3618669942057529E-047   1.3705292433688198E-046   2.0215145829560794E-046   2.9958017065720042E-046   4.4536076214115004E-046   6.6365606602255198E-046
   13.257113655901083        0.0000000000000000        0.0000000000000000        0.0000000000000000        1.3618276430308880E-045   7.5102778882594682E-047   2.1701752500146306E-047   1.2798277672027126E-047   1.0900376270058470E-047   1.1510581720364453E-047   1.3768483006428208E-047   1.7871954990022913E-047   2.4304962411799611E-047   3.4217697435448799E-047   4.8869748490900792E-047   7.1014972530463327E-047   1.0429193702318037E-046   1.5421738114023602E-046   2.2841785946696858E-046   3.3807971274514568E-046   5.0182853211272946E-046
   19.306977288832499        0.0000000000000000        0.0000000000000000        0.0000000000000000        1.0123842117617057E-045   5.6085385345975092E-047   1.6285208833869426E-047   9.6658829630573572E-048   8.2904177906503408E-048   8.7374431842512427E-048   1.0494676314643965E-047   1.3584096302900445E-047   1.8618735005837134E-047   2.6001413586357073E-047   3.7323823757017581E-047   5.4433873476972784E-047   7.9865475286904282E-047   1.1742820055847671E-046   1.7355508486555513E-046   2.5739662705886829E-046   3.8275755280113122E-046
   28.117686979742281        0.0000000000000000        0.0000000000000000        0.0000000000000000        7.4832375891407433E-046   4.2114510869388556E-047   1.2358987364557860E-047   7.3067510825412557E-048   6.3036171539686426E-048   6.7007606467828416E-048   8.0677125788033487E-048   1.0431803258423837E-047   1.4204005903973987E-047   1.9965472387125244E-047   2.8785107681016043E-047   4.1747050233185591E-047   6.1057583681128778E-047   8.9989981835901467E-047   1.3326796525659746E-046   1.9798982283826424E-046   2.9487435163272463E-046
   40.949150623804236        0.0000000000000000        0.0000000000000000        8.1069704756768229E-043   5.5869841929652768E-046   3.1574381965201360E-047   9.3171077991120475E-048   5.5824453966035773E-048   4.8137662648048468E-048   5.1387722763148703E-048   6.1777806297896224E-048   8.0762164823208122E-048   1.0947470593165288E-047   1.5474197429559927E-047   2.2170947239326612E-047   3.2155942122892129E-047   4.7151320471668756E-047   6.9636568310888231E-047   1.0330166150790274E-046   1.5369645937497800E-046   2.2862886613546870E-046
   59.636233165946436        0.0000000000000000        0.0000000000000000        5.9665548914623969E-043   4.1893798692631551E-046   2.3943371697716022E-047   7.0962659394327259E-048   4.2978762335393728E-048   3.7121434397847803E-048   3.9589751302962543E-048   4.7776892921676013E-048   6.2344002250776392E-048   8.5154541877174836E-048   1.2018277401138533E-047   1.7189894894624325E-047   2.5004065101611130E-047   3.6744275527415012E-047   5.4360623597958685E-047   8.0639197367770549E-047   1.1933733233473930E-046   1.7712783281585010E-046
   86.851137375135210        0.0000000000000000        0.0000000000000000        4.4518037500106103E-043   3.1401461178284234E-046   1.8217571226770580E-047   5.4573835352920505E-048   3.2974075168113860E-048   2.8876884703681705E-048   3.0783916743466922E-048   3.7280829488571901E-048   4.8585347755893898E-048   6.6791571115842011E-048   9.3712680807800996E-048   1.3449787705965014E-047   1.9611365097161762E-047   2.8871928615620160E-047   4.2605281982055938E-047   6.2911240449927190E-047   9.3221483662929150E-047   1.3852511539923284E-046
   126.48552168552959        0.0000000000000000        0.0000000000000000        3.3189289973581253E-043   2.3806198730629375E-046   1.3863731763303237E-047   4.2027765622296255E-048   2.5537966515552959E-048   2.2488852264092007E-048   2.4137946206655516E-048   2.9328368445929002E-048   3.8193944875775840E-048   5.2595890574880032E-048   7.3733356149794619E-048   1.0612210234007655E-047   1.5504709651740929E-047   2.2777985640540301E-047   3.3507223319457990E-047   4.9535567410492866E-047   7.3476051902615239E-047   1.0928405960571333E-046
   184.20699693267147        0.0000000000000000        0.0000000000000000        2.4867181111202253E-043   1.8074325225699862E-046   1.0653810030604270E-047   3.2448369159778102E-048   1.9945914849020477E-048   1.7593909266693398E-048   1.9071719651539806E-048   2.3245482421928592E-048   3.0268135645908923E-048   4.1592208236962507E-048   5.8504216229222908E-048   8.4393801900789401E-048   1.2349701858635337E-047   1.8055688813635289E-047   2.6589913681750539E-047   3.9344310759852940E-047   5.8403523414211246E-047   8.6925869819121604E-047
   268.26957952797250        0.0000000000000000        0.0000000000000000        1.8846031838168778E-043   1.3747732337658174E-046   8.2572649945881375E-048   2.5265928241120223E-048   1.5695631107074876E-048   1.3877982113181582E-048   1.5165826710581714E-048   1.8487400286157886E-048   2.4168701966509949E-048   3.3179843128281561E-048   4.6792354722397304E-048   6.7616301130005546E-048   9.8733812880594923E-048   1.4440859169149858E-047   2.1282916282049109E-047   3.1510681569142765E-047   4.6798607102129950E-047   6.9685833982859448E-047
   390.69399370546131        0.0000000000000000        0.0000000000000000        1.4197836484788289E-043   1.0557242760655913E-046   6.4046898912789865E-048   1.9819978226619441E-048   1.2433261332568536E-048   1.1028279838911087E-048   1.2088336605507473E-048   1.4796766851790790E-048   1.9435491431023492E-048   2.6690446192353001E-048   3.7710767135820721E-048   5.4560734880523514E-048   7.9604572202191118E-048   1.1649873290535894E-047   1.7177235919178976E-047   2.5440078090666755E-047   3.7792171643058725E-047   5.6288344675192857E-047
   568.98660290182931        0.0000000000000000        0.0000000000000000        1.0794906784574297E-043   8.1745978149941779E-047   4.9795774159389852E-048   1.5647673379253527E-048   9.8729634331334091E-049   8.8213913014868505E-049   9.7090224196383634E-049   1.1936030323373459E-048   1.5732286551520419E-048   2.1639937712691018E-048   3.0611362183411562E-048   4.4323773054082813E-048   6.4742127253117609E-048   9.4767195293029738E-048   1.3974841484180109E-047   2.0698043949677708E-047   3.0747660797255232E-047   4.5797133344894828E-047
   828.64277285468438        0.0000000000000000        0.0000000000000000        8.2859592904139139E-044   6.3091206122854460E-047   3.8985278866191826E-048   1.2420208424815367E-048   7.8666295091450154E-049   7.0955866614695189E-049   7.8500059331781332E-049   9.6957621647348574E-049   1.2809934537700344E-048   1.7671991581492502E-048   2.5013325592975832E-048   3.6231609198662729E-048   5.3085214006034046E-048   7.7691906148228826E-048   1.1454929215031182E-047   1.6961958307370359E-047   2.5191430223912137E-047   3.7514283581585711E-047
   1206.7926406393290        0.0000000000000000        0.0000000000000000        6.3602021316228995E-044   4.8950583575511521E-047   3.0699417878910202E-048   9.8663809846482433E-049   6.2996377420922896E-049   5.7326504713791864E-049   6.3811011174723622E-049   7.9214395666142119E-049   1.0481668781259299E-048   1.4520571017870694E-048   2.0555112207063383E-048   2.9775121181731453E-048   4.3685063386881622E-048   6.4130014256809106E-048   9.4513295216519232E-048   1.3988580862026598E-047   2.0765819301996105E-047   3.0912031764736251E-047
   1757.5106248547895        0.0000000000000000        0.0000000000000000        4.8935294390982483E-044   3.8235337992517247E-047   2.4291507425509561E-048   7.8519452597315431E-049   5.0634497943433115E-049   4.6458848953465668E-049   5.2066883011625080E-049   6.4985211498347514E-049   8.6068467633702283E-049   1.1985644187240407E-048   1.6962973217646814E-048   2.4567009254573002E-048   3.6034029116885571E-048   5.3214729320930873E-048   7.8377651294171168E-048   1.1592793962576268E-047   1.7198308663443821E-047   2.5587804367591742E-047
   2559.5479226995335        0.0000000000000000        0.0000000000000000        3.7954931512448405E-044   3.0041474585551744E-047   1.9299319259903923E-048   6.2702872475250867E-049   4.0800160041340662E-049   3.7719566627613476E-049   4.2571333048838174E-049   5.3411759150791253E-049   7.0804415789930531E-049   9.9181322516057022E-049   1.4031240463343445E-048   2.0314706265551207E-048   2.9785699958657710E-048   4.4003614845408917E-048   6.5188724120666624E-048   9.6345710278204156E-048   1.4282495073041364E-047   2.1236326550791246E-047
   3727.5937203149379        0.0000000000000000        0.0000000000000000        2.9649692068170639E-044   2.3727225802065223E-047   1.5387544211341545E-048   5.0212090955840990E-049   3.2930492631078104E-049   3.0648748252518839E-049   3.4826484794189276E-049   4.3756302377883493E-049   5.8258553518073477E-049   8.1817739195086318E-049   1.1609837346667777E-048   1.6803169338134525E-048   2.4627159585905907E-048   3.6366064955224886E-048   5.3993555778529286E-048   8.0113318276295371E-048   1.1866810180652405E-047   1.7632928215650841E-047
   5428.6754393238598        0.0000000000000000        0.0000000000000000        2.3310335132183599E-044   1.8829016253576770E-047   1.2300838368863596E-048   4.0310841519423631E-049   2.6613387892590154E-049   2.4910559265976798E-049   2.8480407084798996E-049   3.5820966276449798E-049   4.7887289048211157E-049   6.7265552736146858E-049   9.5939055790880891E-049   1.3880766569182952E-048   2.0336193902207183E-048   3.0016652373015057E-048   4.4548870657387638E-048   6.6307188391291359E-048   9.8457602766789192E-048   1.4620558622616691E-047
   7906.0432109076855        0.0000000000000000        0.0000000000000000        1.8320864181082642E-044   1.4933948442050542E-047   9.8273503918771497E-049   3.2443568130374896E-049   2.1537480452955227E-049   2.0252508178117425E-049   2.3226591314861110E-049   2.9296507752462242E-049   3.9304869730179598E-049   5.5215412083221863E-049   7.9118621276404050E-049   1.1443089980905829E-048   1.6758634212313488E-048   2.4726064620296961E-048   3.6683697168537817E-048   5.4578838471355912E-048   8.1378952044173129E-048   1.2093887129691627E-047
   11513.953993264458        0.0000000000000000        0.0000000000000000        1.4447749931500001E-044   1.1884458149872252E-047   7.8820320675740424E-049   2.6180753620364463E-049   1.7458751097283409E-049   1.6475914602640515E-049   1.8939526766085270E-049   2.3944226103088567E-049   3.2222113628479513E-049   4.5261455017898203E-049   6.5124919977030278E-049   9.4151905871488306E-049   1.3783345556144158E-048   2.0328196694768403E-048   3.0148732792002566E-048   4.4839597066266302E-048   6.6834319511457319E-048   9.9801468036900858E-048
   16768.329368110066        0.0000000000000000        0.0000000000000000        1.1460630949193354E-044   9.5026264509546059E-048   6.3458595171623925E-049   2.1185485896650445E-049   1.4181106889695104E-049   1.3418430624198184E-049   1.5449510085707502E-049   1.9567878016551627E-049   2.6402566608951819E-049   3.7073525793111096E-049   5.3492466389678667E-049   7.7371729139550923E-049   1.1321654876265691E-048   1.6690545686882978E-048   2.4745063415174475E-048   3.6789684694129274E-048   5.4817819073695258E-048   8.1885219030364699E-048
   24420.530945486498        0.0000000000000000        0.0000000000000000        9.1389719705942559E-045   7.6311948550623844E-048   5.1278310924765147E-049   1.7192314888713109E-049   1.1545707537833697E-049   1.0945371071231639E-049   1.2613721822294357E-049   1.5999980361945824E-049   2.1640942975784945E-049   3.0366316081486758E-049   4.3794910678455643E-049   6.3564162332583619E-049   9.2960015433744318E-049   1.3697642906052256E-048   2.0299882907306558E-048   3.0169367459893888E-048   4.4938119230602213E-048   6.7109225124477435E-048
   35564.803062231287        0.0000000000000000        0.0000000000000000        7.3218170873703956E-045   6.1526228997071458E-048   4.1581797749649190E-049   1.3992315901573307E-049   9.4243202271322820E-050   8.9453334105336106E-050   1.0311992083363261E-049   1.3096944068275350E-049   1.7756837761904020E-049   2.4889396668302451E-049   3.5871454835836120E-049   5.2252906885695076E-049   7.6364293318008889E-049   1.1245732023837818E-048   1.6658448539134441E-048   2.4746881299563005E-048   3.6847254714810747E-048   5.5009913398518011E-048
   51794.746792312020        0.0000000000000000        0.0000000000000000        5.8905024240708344E-045   4.9784607240626635E-048   3.3832915605308622E-049   1.1421421174274490E-049   7.7141477876419093E-050   7.3271180027800127E-050   8.4443573586161011E-050   1.0737275835973644E-049   1.4594221441604729E-049   2.0425856672030936E-049   2.9410562296038482E-049   4.3013527832934882E-049   6.2807115670183267E-049   9.2427457098449951E-049   1.3683779849738643E-048   2.0317624454236426E-048   3.0238911729692225E-048   4.5128037930081303E-048
   75431.200633546076        0.0000000000000000        0.0000000000000000        4.7566845084772210E-045   4.0416857836437515E-048   2.7618386353428153E-049   9.3509388045346754E-050   6.3332884097525418E-050   6.0168274535325441E-050   6.9287197704815073E-050   8.8198857016726607E-050   1.2021178751480725E-049   1.6791791562647751E-049   2.4147894712176833E-049   3.5360830286396854E-049   5.1750081052091960E-049   7.6091202559886466E-049   1.1257652950174842E-048   1.6705304775513764E-048   2.4849634976123781E-048   3.7069215313691917E-048
   109854.11419875573        0.0000000000000000        0.0000000000000000        3.8539698332033026E-045   3.2911500081478952E-048   2.2618357858751544E-049   7.6798690721117485E-050   5.2167265072675886E-050   4.9550220892596314E-050   5.6983165729182067E-050   7.2618091993043687E-050   9.9283225157407774E-050   1.3834190006236391E-049   1.9863183329979632E-049   2.9057941705841669E-049   4.2739001091248451E-049   6.2777597326801816E-049   9.2804192587934311E-049   1.3761451278492834E-048   2.0457755954545892E-048   3.0501874817130314E-048
   159985.87196060573        0.0000000000000000        0.0000000000000000        3.1320094813523190E-045   2.6875415284517391E-048   1.8584080378488554E-049   6.3287693941665493E-050   4.3129038095330009E-050   4.0940789278913381E-050   4.6991819318016370E-050   5.9955722721999816E-050   8.1885388555071316E-050   1.1427414925469283E-049   1.6375227461671715E-049   2.3925776641030131E-049   3.5304234566111181E-049   5.1930768820936239E-049   7.6695214876219184E-049   1.1363089718332129E-048   1.6879738972564198E-048   2.5151557885593046E-048
   232995.18105153670        0.0000000000000000        0.0000000000000000        2.5522949877466364E-045   2.2004349031763475E-048   1.5281653437674085E-049   5.2349135417068216E-050   3.5579883554252615E-050   3.3958692311863828E-050   3.8877976888511690E-050   4.9665464494909913E-050   6.7545220404380164E-050   9.4690794725954530E-050   1.3536075415223234E-049   1.9747227452604904E-049   2.9106297720523648E-049   4.3095104141980009E-049   6.3572738219737305E-049   9.4093912998117751E-049   1.3965101944726562E-048   2.0793226916270776E-048
   339322.17718953232        0.0000000000000000        0.0000000000000000        2.0851376012233519E-045   1.8061242153122226E-048   1.2562013290272008E-049   4.3420310612577627E-050   2.9412262888744489E-050   2.8297839377714294E-050   3.2290293117450583E-050   4.1305114831461307E-050   5.5881363397428054E-050   7.8759344227212172E-050   1.1225234962954923E-049   1.6345283473834000E-049   2.4059438311498254E-049   3.5636620868719859E-049   5.2884235721624373E-049   7.8180355075710661E-049   1.1590972779174837E-048   1.7243108601205982E-048
   494171.33613238280        0.0000000000000000        0.0000000000000000        1.7074777459089393E-045   1.4860209196420081E-048   1.0351735350708207E-049   3.5901896775556501E-050   2.4406691432205212E-050   2.3507119362810614E-050   2.6943629309850400E-050   3.4515120775020410E-050   4.6394879616637262E-050   6.5798399488889765E-050   9.3443716462502803E-050   1.3575399429001720E-049   1.9949477878840835E-049   2.9510499408494634E-049   4.3879973923064377E-049   6.5217313083444756E-049   9.6569153335250079E-049   1.4350981129880656E-048
   719685.67300115142        0.0000000000000000        0.0000000000000000        1.4012824636285814E-045   1.2254619775548221E-048   8.5523923900332166E-050   2.9789021423323457E-050   2.0342426099396955E-050   1.9567381978203009E-050   2.2604281326322179E-050   2.8825826343409153E-050   3.8676441435608510E-050   5.4618789554056494E-050   7.8127064368890623E-050   1.1318884433966186E-049   1.6600594017290396E-049   2.4518152457653280E-049   3.6411959525669880E-049   5.4218930151783485E-049   8.0803518523985556E-049   1.1993370823699169E-048
   1048113.1341546853        0.0000000000000000        0.0000000000000000        1.1523636628406794E-045   1.0085848131839865E-048   7.0843507303318898E-050   2.4809370848355624E-050   1.7037410972651271E-050   1.6363511476113304E-050   1.8963667148379925E-050   2.4032003369777882E-050   3.2387145379198347E-050   4.5503531992164017E-050   6.5632522218463452E-050   9.4775000862174711E-050   1.3867444224363607E-049   2.0443447698341016E-049   3.0316561483753654E-049   4.5086515110478437E-049   6.7204607634695682E-049   1.0045125496694878E-048
   1526417.9671752304        0.0000000000000000        0.0000000000000000        9.4950036784153010E-046   8.2956024420025929E-049   5.8829851566984617E-050   2.0738697371343183E-050   1.4340050448519045E-050   1.3749533382872391E-050   1.5857690343443874E-050   2.0115998784916567E-050   2.7244322931368791E-050   3.8048875578905555E-050   5.4708230130751638E-050   7.9694615038952105E-050   1.1629302317648210E-049   1.7107165662807106E-049   2.5326532442232114E-049   3.7611493270217960E-049   5.5990971516446983E-049   8.3603007702278720E-049
   2222996.4825261910        0.0000000000000000        0.0000000000000000        7.8378133601413727E-046   6.8316525560027343E-049   4.8960181610724989E-050   1.7392884195261734E-050   1.2124128194487683E-050   1.1603731954042353E-050   1.3308954689414540E-050   1.6899778205755194E-050   2.3012746727991985E-050   3.1920895122221343E-050   4.5691041257052940E-050   6.6768206594287315E-050   9.7863091507100675E-050   1.4361347997737675E-049   2.1221533515053319E-049   3.1464896229457535E-049   4.6773799234112755E-049   6.9759253327116101E-049
   3237457.5428176401        0.0000000000000000        0.0000000000000000        6.4810655674715699E-046   5.6326538742067299E-049   4.0816138908326826E-050   1.4623314381062139E-050   1.0189221078671070E-050   9.8263817856214294E-051   1.1201753648611368E-050   1.4238148755831167E-050   1.9239670200381394E-050   2.6848232056129232E-050   3.8241279339806935E-050   5.5711887025260637E-050   8.2077754110002313E-050   1.2086039180564313E-049   1.7823023116493601E-049   2.6380242558169690E-049   3.9154608048646096E-049   5.8322600281919048E-049
   4714866.3634573901        0.0000000000000000        0.0000000000000000        5.3575639324152877E-046   4.6492378694755275E-049   3.4067820386124805E-050   1.2313543381185769E-050   8.5265976587512989E-051   8.2613124038932393E-051   9.4446616578607353E-051   1.2016600441091123E-050   1.6084261484421604E-050   2.2617145395280950E-050   3.2048081668371360E-050   4.6539972676404968E-050   6.8410684781129252E-050   1.0123259850497358E-049   1.4990398695264250E-049   2.2147406919135317E-049   3.2818800113093376E-049   4.8820904151551800E-049
   6866488.4500429993        0.0000000000000000        0.0000000000000000        4.4111579582583952E-046   3.8416103583171672E-049   2.8457760568734087E-050   1.0247035720234629E-050   7.1385269990396251E-051   6.9077515628667864E-051   7.9682812968671318E-051   1.0097873134253174E-050   1.3452622061611729E-050   1.8953598282100481E-050   2.6872415319070925E-050   3.8896772239582243E-050   5.7044342661007648E-050   8.4259512852585670E-050   1.2517850039520781E-049   1.8605087417854270E-049   2.7524115784993022E-049   4.0889674118620940E-049
   9999999.9999999795        0.0000000000000000        0.0000000000000000        3.6354961284684815E-046   3.1776080540812101E-049   2.3551591106883545E-050   8.5234784467641861E-051   5.9753071156027480E-051   5.7747708469524744E-051   6.6729231135207373E-051   8.4111895873258647E-051   1.1250614450847687E-050   1.5769155309069854E-050   2.2532787011132611E-050   3.2509494570853579E-050   4.7567708852226426E-050   7.0134124985954657E-050   1.0404612523106986E-049   1.5482953437533815E-049   2.3085864340704113E-049   3.4250045725808109E-049
