   0.00000000       5.0000000000000009        7.4594777891030546        11.128761777224360        16.602950259484825        24.769867738841974        36.954055647382404        55.131591463785448        82.250576400402196        122.70926955994489        183.06941415989363        273.12044575796682        407.46717977629612        607.89847546594820        906.92103515356939        1353.0314636396799        2018.5816301955592        3011.5129671870409        4492.8628180655114        6702.8820801693328        10000.000000000000     
  0.10000000000000001        0.0000000000000000        0.0000000000000000        0.0000000000000000        9.1351298430033444E-044   4.6748388351813365E-045   1.2779536030885150E-045   7.1937063379132214E-046   5.9524351462300471E-046   6.1466213464165532E-046   7.2417585785672611E-046   9.2862918464895329E-046   1.2588686804468220E-045   1.7546773279461664E-045   2.5054915023031663E-045   3.6409513739412781E-045   5.3480966441427004E-045   7.8563005350165700E-045   1.1600007325075547E-044   1.7190505469784598E-044   2.5542315611849660E-044
  0.14563484775012439        0.0000000000000000        0.0000000000000000        0.0000000000000000        6.5870028134945678E-044   3.3707185461007062E-045   9.1994705696541413E-046   5.2200726494828816E-046   4.3343889528549516E-046   4.4622139936729174E-046   5.2763813406759623E-046   6.7528431411010341E-046   9.0978245416760196E-046   1.2752128467937470E-045   1.8242746087086050E-045   2.6370862568522084E-045   3.8580571246732134E-045   5.6879332338890289E-045   8.4277674381476304E-045   1.2527533835737283E-044   1.8644794836502274E-044
  0.21209508879201910        0.0000000000000000        0.0000000000000000        0.0000000000000000        4.7028332165004758E-044   2.4275487083709296E-045   6.6779060209408802E-046   3.7682979057123834E-046   3.1255438724554108E-046   3.2321822985154616E-046   3.8157234292794379E-046   4.8944206226019176E-046   6.6490827122716786E-046   9.2559817831636658E-046   1.3229998377441005E-045   1.9239757588140150E-045   2.8220468752162658E-045   4.1450502745782826E-045   6.1225885641430337E-045   9.0762098210278043E-045   1.3489716906568409E-044
  0.30888435964774813        0.0000000000000000        0.0000000000000000        0.0000000000000000        3.3925383890822324E-044   1.7525455074686895E-045   4.8169818922466293E-046   2.7425690423804137E-046   2.2849974654281190E-046   2.3615300849403161E-046   2.7919193820209653E-046   3.5815337177082510E-046   4.8246457546476010E-046   6.7691225590133062E-046   9.6767961719234826E-046   1.3994705740539552E-045   2.0481165444455438E-045   3.0203514985843999E-045   4.4762366280023017E-045   6.6549707042034156E-045   9.8940364661618048E-045
  0.44984326689694454        0.0000000000000000        0.0000000000000000        0.0000000000000000        2.4409506639617102E-044   1.2712559241224417E-045   3.5196259543670075E-046   1.9930222932752796E-046   1.6580451772298474E-046   1.7182614066907131E-046   2.0318931884663735E-046   2.6086829800927947E-046   3.5467928937670816E-046   4.9388506007500689E-046   7.0612726722943645E-046   1.0270930534863624E-045   1.5068760194305863E-045   2.2133635283263151E-045   3.2693857639052124E-045   4.8465957696485203E-045   7.2034203298051261E-045
  0.65512855685955085        0.0000000000000000        0.0000000000000000        0.0000000000000000        1.7630033899344832E-044   9.2010074469102532E-046   2.5476350644771563E-046   1.4573657833367485E-046   1.2189339375424276E-046   1.2626761316325867E-046   1.4961875087248952E-046   1.9197455049526152E-046   2.5891070120146548E-046   3.6323887495267220E-046   5.1999081981432754E-046   7.5185756421771803E-046   1.1001496406316995E-045   1.6221656508104054E-045   2.4038144804011666E-045   3.5734243712260806E-045   5.3209753577971038E-045
  0.95409547634999403        0.0000000000000000        0.0000000000000000        0.0000000000000000        1.2777052236250816E-044   6.7173583508410496E-046   1.8720856849774375E-046   1.0653918978449355E-046   8.8972953481340178E-047   9.2482513608511470E-047   1.0951153154687339E-046   1.4083705180356372E-046   1.9134543341376274E-046   2.6703419572614648E-046   3.8155891126653485E-046   5.5475561806387964E-046   8.1515264440090550E-046   1.1984199893634403E-045   1.7694632069610916E-045   2.6220869430683828E-045   3.8958711528827513E-045
   1.3894954943731375        0.0000000000000000        0.0000000000000000        0.0000000000000000        9.2514061263263251E-045   4.8817716034149828E-046   1.3624752801408042E-046   7.8445686890125708E-047   6.5908757487001301E-047   6.8314779399467457E-047   8.1319833409822149E-047   1.0417219852891302E-046   1.4088728919600557E-046   1.9740111407602900E-046   2.8371930455823801E-046   4.0980803404057886E-046   5.9917094190398306E-046   8.8291495656734300E-046   1.3076593818567138E-045   1.9429885059148589E-045   2.8938469735335694E-045
   2.0235896477251565        0.0000000000000000        0.0000000000000000        0.0000000000000000        6.7484905939141986E-045   3.5846542130349882E-046   1.0066818237175708E-046   5.7652820125514850E-047   4.8387320151724364E-047   5.0508471013774515E-047   5.9869875017083171E-047   7.7205875303724873E-047   1.0462003554582957E-046   1.4668146486628918E-046   2.0923324134468995E-046   3.0383877751765866E-046   4.4603999719185423E-046   6.5939324120756670E-046   9.7327879561842476E-046   1.4410101334127325E-045   2.1394037057314484E-045
   2.9470517025518101        0.0000000000000000        0.0000000000000000        0.0000000000000000        4.9061391642816315E-045   2.6208928499917102E-046   7.3801783604581848E-047   4.2868668911640969E-047   3.6009326207522895E-047   3.7483646255807489E-047   4.4656930719200095E-047   5.7369465549401208E-047   7.7971179271429629E-047   1.0893329450900587E-046   1.5640111099465565E-046   2.2734977900785482E-046   3.3187094490306410E-046   4.8840939190061244E-046   7.2260015553553948E-046   1.0726586452623197E-045   1.5962554293457361E-045
   4.2919342601287758        0.0000000000000000        0.0000000000000000        0.0000000000000000        3.5996889930704146E-045   1.9344378121504669E-046   5.4786125896315245E-047   3.1655347998448531E-047   2.6743817230049847E-047   2.8081283452806123E-047   3.3308392079871355E-047   4.3131695558892821E-047   5.8150751330681498E-047   8.1927983874635838E-047   1.1684788836560457E-046   1.6930073552552771E-046   2.4810912735408576E-046   3.6628476859188196E-046   5.4333570498907694E-046   8.0756846676063550E-046   1.1973577245241751E-045
   6.2505519252739701        0.0000000000000000        0.0000000000000000        0.0000000000000000        2.6326800092023738E-045   1.4265074434469386E-046   4.0588561327665227E-047   2.3686799119022079E-047   1.9984641579060512E-047   2.0927200767603274E-047   2.4945439263337230E-047   3.2183535042873655E-047   4.3897347967821662E-047   6.1282622983205511E-047   8.7694756104000387E-047   1.2763776322178178E-046   1.8769574042567786E-046   2.7577811838917428E-046   4.0728485084634698E-046   6.0363327072732135E-046   8.9702486507695363E-046
   9.1029817799152166        0.0000000000000000        0.0000000000000000        0.0000000000000000        1.9416786491491850E-045   1.0577001742748269E-046   3.0256253918157897E-047   1.7695259910819181E-047   1.5084109664691415E-047   1.5786709556963524E-047   1.8899768698015722E-047   2.4306075612654901E-047   3.3008075525309631E-047   4.6262680824251323E-047   6.6567997570287502E-047   9.6445716447324900E-047   1.4094538553919678E-046   2.0761547173589762E-046   3.0739918609714075E-046   4.5660285526163294E-046   6.7987708765689402E-046
   13.257113655901083        0.0000000000000000        0.0000000000000000        0.0000000000000000        1.4321939197087892E-045   7.8933555089652663E-047   2.2744879513559847E-047   1.3289625226147506E-047   1.1313553198068292E-047   1.1947398739368151E-047   1.4244427625277853E-047   1.8494036867714043E-047   2.5005790790482910E-047   3.5298525461603979E-047   5.0328131680663749E-047   7.2974685722437584E-047   1.0700202360420887E-046   1.5803610016797043E-046   2.3451065724667176E-046   3.4834675241012821E-046   5.1651667666987062E-046
   19.306977288832499        0.0000000000000000        0.0000000000000000        0.0000000000000000        1.0611666719317975E-045   5.8762258921904299E-047   1.7017195203771536E-047   1.0092600425666651E-047   8.5825397063473525E-048   9.0432420513004462E-048   1.0828107540564214E-047   1.4015607382726874E-047   1.9138908122307713E-047   2.6785780181419113E-047   3.8332739140921546E-047   5.5795938138759374E-047   8.2051878302489004E-047   1.2089075139606705E-046   1.7847599208428942E-046   2.6442552364447800E-046   3.9283574270650264E-046
   28.117686979742281        0.0000000000000000        0.0000000000000000        0.0000000000000000        7.9206382192821488E-046   4.4280938669835294E-047   1.2879954924178190E-047   7.6266134768126198E-048   6.5748777185525968E-048   6.9160057061426839E-048   8.3123934600526986E-048   1.0731204977659685E-047   1.4647553291460016E-047   2.0503517418252844E-047   2.9480150065387093E-047   4.2978605586390346E-047   6.2737526081502594E-047   9.2330568205220794E-047   1.3660448672246225E-046   2.0276775419984374E-046   3.0173981843049164E-046
   40.949150623804236        0.0000000000000000        0.0000000000000000        8.5087411247010550E-043   5.8926909365597625E-046   3.3310647652730517E-047   9.8002889951827365E-048   5.8089750328596374E-048   5.0030915823647073E-048   5.3372602795543433E-048   6.3899749092719768E-048   8.2908470165864924E-048   1.1246413725564196E-047   1.5838208709301199E-047   2.2787318439140123E-047   3.2969526069339894E-047   4.8262432622307872E-047   7.1186622826570636E-047   1.0551826792257138E-046   1.5687890800278457E-046   2.3379133310113791E-046
   59.636233165946436        0.0000000000000000        0.0000000000000000        6.3236574799586617E-043   4.4380348646028864E-046   2.5180153458613537E-047   7.4391172735007324E-048   4.4665509504533313E-048   3.8441471863068342E-048   4.0943184209260857E-048   4.9202824700115993E-048   6.4152802168320858E-048   8.7113196473870680E-048   1.2332766376683356E-047   1.7581630141154390E-047   2.5519643585717608E-047   3.7448040833465282E-047   5.5342510046097849E-047   8.2165445819792570E-047   1.2200560902952241E-046   1.8090770229337365E-046
   86.851137375135210        0.0000000000000000        0.0000000000000000        4.7017999656983836E-043   3.3388474716424504E-046   1.9230978382841380E-047   5.7025810706852297E-048   3.4470463061503457E-048   2.9789526800862414E-048   3.1687070083194253E-048   3.8207874441976419E-048   4.9718599576502197E-048   6.8001588786888397E-048   9.5592848583921363E-048   1.3679034775718541E-047   1.9910172513653885E-047   2.9278056863870477E-047   4.3340767814834494E-047   6.3968832619440443E-047   9.4710341968217051E-047   1.4062581897173430E-046
   126.48552168552959        0.0000000000000000        0.0000000000000000        3.5397443405565577E-043   2.5226880581460276E-046   1.4700029876325464E-047   4.4093000650780204E-048   2.6575467384434460E-048   2.3258735127532338E-048   2.4716062942778320E-048   2.9891990289956093E-048   3.8834918547096494E-048   5.3446884129580644E-048   7.4676767499833154E-048   1.0721585811241380E-047   1.5642675149691421E-047   2.3023729422517550E-047   3.3827915072876068E-047   4.9981030820866511E-047   7.4095560438460142E-047   1.1014421747657902E-046
   184.20699693267147        0.0000000000000000        0.0000000000000000        2.6490434058766989E-043   1.9259205576050948E-046   1.1256267935305899E-047   3.4098772736344521E-048   2.0656814975466207E-048   1.8121075109892431E-048   1.9412344453269079E-048   2.3540757587567062E-048   3.0544815612624068E-048   4.1894451787202956E-048   5.8749341930433947E-048   8.4587057801963441E-048   1.2366123698011619E-047   1.8067985296533597E-047   2.6586252841245871E-047   3.9330451073929391E-047   5.8369221144696392E-047   8.6851032807604694E-047
   268.26957952797250        0.0000000000000000        0.0000000000000000        2.0015557199600313E-043   1.4722853954213347E-046   8.6956503901748457E-048   2.6432116599331547E-048   1.6172718150940997E-048   1.4191273905295230E-048   1.5340413748276828E-048   1.8614348321887561E-048   2.4173021045761039E-048   3.3050388768622496E-048   4.6509891993739961E-048   6.7123852295321935E-048   9.7665931895683637E-048   1.4276031066971831E-047   2.1032409242295734E-047   3.1146417817443488E-047   4.6264563157878685E-047   6.8894965025635522E-047
   390.69399370546131        0.0000000000000000        0.0000000000000000        1.5283292362620389E-043   1.1270654234707653E-046   6.7699390358361206E-048   2.0644258848247079E-048   1.2743398597343352E-048   1.1188419134640836E-048   1.2136899505108643E-048   1.4718569432482117E-048   1.9236298240956129E-048   2.6236945869203348E-048   3.7028331417975664E-048   5.3544496173885791E-048   7.7548298718127061E-048   1.1349556375974107E-047   1.6737426353888612E-047   2.4806586403264558E-047   3.6873619371686377E-047   5.4945749830287517E-047
   568.98660290182931        0.0000000000000000        0.0000000000000000        1.1607241070441073E-043   8.7051514793196358E-047   5.2965233262167063E-048   1.6232089291036980E-048   1.0098737809564019E-048   8.8742158851797718E-049   9.6315350016422153E-049   1.1710426893374307E-048   1.5384347131728001E-048   2.0947162344504990E-048   2.9630910697962663E-048   4.2768372021671108E-048   6.1940002213212331E-048   9.0739073215801882E-048   1.3391583296349268E-047   1.9860305374354187E-047   2.9537237789881697E-047   4.4035437632374600E-047
   828.64277285468438        0.0000000000000000        0.0000000000000000        8.8905085409663418E-044   6.7766197359099320E-047   4.1351611616778502E-048   1.2839381229983843E-048   8.0185181557441220E-049   7.0772359946170277E-049   7.6886602994210340E-049   9.3705084843516821E-049   1.2360206639439249E-048   1.6812521805774651E-048   2.3823727170600555E-048   3.4319066913067077E-048   4.9747411091863498E-048   7.2926971257654035E-048   1.0768519023155092E-047   1.5977336003780452E-047   2.3771255338258723E-047   3.5451537327056068E-047
   1206.7926406393290        0.0000000000000000        0.0000000000000000        6.8711124623292694E-044   5.3033261470641470E-047   3.2509345850848672E-048   1.0210423258045025E-048   6.3826478661609147E-049   5.6726074041586651E-049   6.1717769722260380E-049   7.5387295737794663E-049   9.9624066675701842E-049   1.3562020543584344E-048   1.9240734484854067E-048   2.7695736986370766E-048   4.0167526318175780E-048   5.8906843001770700E-048   8.7009408794933791E-048   1.2913013715968701E-047   1.9216191386706702E-047   2.8664003672988521E-047
   1757.5106248547895        0.0000000000000000        0.0000000000000000        5.3525303193915861E-044   4.1405881327950688E-047   2.5717235078847529E-048   8.1593212730148074E-049   5.1097029467659110E-049   4.5683163776286729E-049   4.9805920267980113E-049   6.0969606371115427E-049   8.0682500034620137E-049   1.0994226552540505E-048   1.5607895674116693E-048   2.2477607521668226E-048   3.2604394475626476E-048   4.7820547112606241E-048   7.0639374933114953E-048   1.0484239293218220E-047   1.5602481415278060E-047   2.3274649593291054E-047
   2559.5479226995335        0.0000000000000000        0.0000000000000000        4.1541846544364720E-044   3.2554192973651836E-047   2.0458555437595004E-048   6.5374574526484017E-049   4.1129474039201165E-049   3.6958290298206493E-049   4.0406047610235657E-049   4.9571084469827538E-049   6.5733024485886029E-049   8.9579308999407186E-049   1.2718126315610010E-048   1.8350578541896553E-048   2.6611339980299655E-048   3.9022881519130466E-048   5.7633554743433940E-048   8.5527057229667734E-048   1.2726123949856129E-047   1.8981625337174564E-047
   3727.5937203149379        0.0000000000000000        0.0000000000000000        3.2461468325359598E-044   2.5754495671125532E-047   1.6358266105136636E-048   5.2555006756793033E-049   3.3281825088210377E-049   3.0035756004176708E-049   3.2958938433461720E-049   4.0528164884696098E-049   5.3734925732553998E-049   7.3385566889191461E-049   1.0413539756791437E-048   1.5077947936576995E-048   2.1850465000184280E-048   3.2024331146593939E-048   4.7275907289718094E-048   7.0130195210116187E-048   1.0431391094216175E-047   1.5554143846885660E-047
   5428.6754393238598        0.0000000000000000        0.0000000000000000        2.5541670159433549E-044   2.0488563804904908E-047   1.3140849512261600E-048   4.2477915128946046E-049   2.7073529856597364E-049   2.4523578073299547E-049   2.7040433619402656E-049   3.3335953775820869E-049   4.4126861985734604E-049   6.0484667710754809E-049   8.5726838081660716E-049   1.2432782221075651E-048   1.8063815568029511E-048   2.6450156513830372E-048   3.9017050190775484E-048   5.7841651831515209E-048   8.5983768824624904E-048   1.2814241055980709E-047
   7906.0432109076855        0.0000000000000000        0.0000000000000000        2.0219840305451305E-044   1.6380452230348941E-047   1.0601588047785661E-048   3.4512894755727483E-049   2.2140751097395602E-049   2.0120659634738354E-049   2.2325154599523585E-049   2.7606009239001986E-049   3.6433969989347096E-049   5.0199314838349823E-049   7.1012146422433803E-049   1.0285106697313898E-048   1.5052476303743605E-048   2.2010636895127049E-048   3.2431355564055811E-048   4.8032672017691268E-048   7.1338798448118772E-048   1.0623397171360455E-047
   11513.953993264458        0.0000000000000000        0.0000000000000000        1.6093105372552035E-044   1.3154149506299247E-047   8.5867500080661089E-049   2.8183824389078464E-049   1.8204731443226428E-049   1.6593052025032888E-049   1.8560168483695613E-049   2.3035428061039791E-049   3.0268504945440101E-049   4.1999236239633233E-049   5.9249540160632773E-049   8.5651670031356735E-049   1.2555228274319691E-048   1.8478944203607761E-048   2.7184989546196348E-048   4.0209361719260368E-048   5.9645922014951193E-048   8.8725311801635062E-048
   16768.329368110066        0.0000000000000000        0.0000000000000000        1.2869261153479945E-044   1.0604816630629243E-047   6.9797975022253383E-049   2.3119318142123283E-049   1.5049354595445438E-049   1.3756749120082716E-049   1.5435933886796056E-049   1.9177630965833709E-049   2.5320925889566218E-049   3.5350643136288195E-049   4.9846300506114865E-049   7.1876324159190715E-049   1.0515762688644436E-048   1.5521539857341664E-048   2.3011533853222037E-048   3.3977176088467682E-048   5.0319021532546911E-048   7.4743640987336099E-048
   24420.530945486498        0.0000000000000000        0.0000000000000000        1.0333910677393014E-044   8.5790153856477569E-048   5.6917330361990497E-049   1.8962311831312903E-049   1.2449871920999776E-049   1.1465459463421567E-049   1.2864236417278711E-049   1.6044930319133397E-049   2.1339862414934481E-049   2.9667522207985334E-049   4.2318888988448107E-049   6.0828581758938501E-049   8.8778284989401645E-049   1.3078413780831644E-048   1.9381717284810054E-048   2.8841647054408114E-048   4.2878876610329676E-048   6.3575399638956562E-048
   35564.803062231287        0.0000000000000000        0.0000000000000000        8.3281083357160190E-045   6.9609339724200958E-048   4.6542934726807963E-049   1.5593767131214138E-049   1.0299182564722850E-049   9.6023970797430209E-050   1.0772255117009457E-049   1.3500323197910613E-049   1.8118180542137618E-049   2.5062798536707871E-049   3.5889174910042382E-049   5.1928602433687574E-049   7.5567334858971536E-049   1.1105959293391377E-048   1.6425748350533584E-048   2.4401309577378522E-048   3.6328791666714268E-048   5.4214656500906965E-048
   51794.746792312020        0.0000000000000000        0.0000000000000000        6.7328969348746772E-045   5.6626070862273743E-048   3.8150427754478494E-049   1.2852041944716356E-049   8.5415589682761860E-050   8.0752141444532001E-050   9.0572887700689932E-050   1.1415744486375882E-049   1.5392062489223859E-049   2.1299484065889613E-049   3.0383954252928721E-049   4.4230048071511048E-049   6.4814081222390099E-049   9.4995845425733169E-049   1.4017253183260102E-048   2.0781963327706568E-048   3.0881276339129438E-048   4.6007403897534374E-048
   75431.200633546076        0.0000000000000000        0.0000000000000000        5.4584315627485868E-045   4.6167984701834292E-048   3.1336669383216127E-049   1.0612287425951328E-049   7.0982929702272190E-050   6.7365497355457414E-050   7.6390119879443600E-050   9.6897957563470062E-050   1.2977611218678695E-049   1.8186015529590435E-049   2.5834656518281521E-049   3.7495470122444625E-049   5.5082847393955839E-049   8.1529083221063994E-049   1.2028709065315301E-048   1.7794229002337975E-048   2.6384945510630467E-048   3.9234166745700388E-048
   109854.11419875573        0.0000000000000000        0.0000000000000000        4.4362271654752959E-045   3.7717178725481521E-048   2.5790424617912884E-049   8.7783025787100152E-050   5.9093714659640263E-050   5.6203123377126540E-050   6.4571349803661189E-050   8.2018770669454816E-050   1.0964715918073749E-049   1.5451461656268386E-049   2.2028374878211320E-049   3.1869921395652139E-049   4.6701231400766273E-049   6.8980832293667246E-049   1.0240950937760609E-048   1.5260082066539874E-048   2.2619106639909801E-048   3.3565719461113901E-048
   159985.87196060573        0.0000000000000000        0.0000000000000000        3.6135956605593799E-045   3.0870936567602947E-048   2.1269027584087202E-049   7.2754235358608228E-050   4.9290844454081696E-050   4.6959786404472032E-050   5.4247352573955129E-050   6.8789259953876997E-050   9.2757214249875523E-050   1.3013858668198147E-049   1.8787393606090410E-049   2.7125174802030022E-049   3.9643661338640183E-049   5.8429794045909696E-049   8.6583993658764673E-049   1.2881418943369139E-048   1.9195632057759565E-048   2.8669612270493510E-048
   232995.18105153670        0.0000000000000000        0.0000000000000000        2.9496453096778500E-045   2.5312968882453901E-048   1.7580560159751247E-049   6.0446861902254002E-050   4.1219783276602032E-050   3.9314466830499544E-050   4.5356047644875624E-050   5.7756867091653105E-050   7.8556826770785709E-050   1.0968423405006418E-049   1.5783517526679376E-049   2.3103271540657963E-049   3.3672871446474112E-049   4.9517075808820574E-049   7.3234298124205818E-049   1.0877410533757457E-048   1.6183312450717329E-048   2.4136488967499562E-048
   339322.17718953232        0.0000000000000000        0.0000000000000000        2.4123920443688574E-045   2.0792661440400397E-048   1.4570964606103942E-049   5.0384938714094930E-050   3.4596576667570246E-050   3.3013174209739342E-050   3.8002444688004162E-050   4.8581738206685730E-050   6.6363995662085775E-050   9.2549208506310071E-050   1.3269726494407311E-049   1.9375497566985611E-049   2.8576747330434935E-049   4.1991492144714943E-049   6.1976606756709054E-049   9.1894666015448113E-049   1.3649208220539350E-048   2.0327299859433959E-048
   494171.33613238280        0.0000000000000000        0.0000000000000000        1.9766533474542261E-045   1.7110082654151205E-048   1.2114977086322519E-049   4.2176335999363759E-050   2.8950258649316555E-050   2.7845818928455465E-050   3.1948241650283526E-050   4.0988542365924918E-050   5.5580949681408656E-050   7.8260366335893183E-050   1.1174095412146231E-049   1.6269585158671537E-049   2.3944049509412724E-049   3.5479497378546569E-049   5.2520860781801838E-049   7.7730716989166335E-049   1.1524982179773265E-048   1.7137306157492336E-048
   719685.67300115142        0.0000000000000000        0.0000000000000000        1.6224915826804076E-045   1.4104955912097053E-048   1.0073312202129686E-049   3.5365703381233178E-050   2.4212577504979151E-050   2.3453601744747956E-050   2.6988562897836292E-050   3.4739543485792252E-050   4.6691407606594589E-050   6.6204498790522338E-050   9.4354051418522657E-050   1.3692884990462860E-049   2.0101822101377253E-049   2.9728591172493136E-049   4.4171705939450457E-049   6.5869200039833992E-049   9.7531172838708309E-049   1.4478412630214753E-048
   1048113.1341546853        0.0000000000000000        0.0000000000000000        1.3340484194608569E-045   1.1648362738535145E-048   8.3489661813738926E-050   2.9519411707448029E-050   2.0358703876121544E-050   1.9705607977692442E-050   2.2941575214013491E-050   2.9233019037633338E-050   3.9385812128343265E-050   5.5514804441497294E-050   7.9983735376395685E-050   1.1562533238749305E-049   1.6925201627525256E-049   2.4974953442690990E-049   3.7041169354262203E-049   5.5155528532454346E-049   8.2238901185419381E-049   1.2270899538222084E-048
   1526417.9671752304        0.0000000000000000        0.0000000000000000        1.0986638176224262E-045   9.6364006918243192E-049   6.9375121586658360E-050   2.4745787270265131E-050   1.7221272619847012E-050   1.6652162495420827E-050   1.9334050500798246E-050   2.4622631059759796E-050   3.3385057128455487E-050   4.6723510519823600E-050   6.7327264938227867E-050   9.8026934909297018E-050   1.4300916450241992E-049   2.1048540178723978E-049   3.1153178211907258E-049   4.6311954688704674E-049   6.8946410770839388E-049   1.0290118225270007E-048
   2222996.4825261910        0.0000000000000000        0.0000000000000000        9.0620489135288544E-046   7.9852882700134173E-049   5.7780814308845036E-050   2.0829717472174202E-050   1.4655085227934508E-050   1.4154640616889885E-050   1.6333701635157862E-050   2.0834808296786003E-050   2.8438360423879310E-050   3.9472322804749670E-050   5.6578559171665534E-050   8.2651101765740638E-050   1.2126931897582799E-049   1.7797215601569891E-049   2.6279875665647911E-049   3.8996096533618894E-049   5.7956020291236073E-049   8.6372874880180162E-049
   3237457.5428176401        0.0000000000000000        0.0000000000000000        7.4854849813406868E-046   6.6113508979755011E-049   4.8213182185127238E-050   1.7592628406062101E-050   1.2465675215642303E-050   1.2093521552978180E-050   1.3856296663343482E-050   1.7699467593118699E-050   2.3905499046585140E-050   3.3452306013502682E-050   4.7666576278040308E-050   6.9371480582931788E-050   1.0207006822038640E-049   1.5088997462886712E-049   2.2224412710488267E-049   3.2913105539484659E-049   4.8825344502637203E-049   7.2651694288595055E-049
   4714866.3634573901        0.0000000000000000        0.0000000000000000        6.1917461827147179E-046   5.4503525131020999E-049   4.0280045798757924E-050   1.4891379062403129E-050   1.0498245668913917E-050   1.0243414627897638E-050   1.1788452354466638E-050   1.5076310285715097E-050   2.0120749367090760E-050   2.8409172661070990E-050   4.0223949278576967E-050   5.8305661067055433E-050   8.5536853849507040E-050   1.2648225303237246E-049   1.8795325214096800E-049   2.7820301348405895E-049   4.1190597635809658E-049   6.1191122168379122E-049
   6866488.4500429993        0.0000000000000000        0.0000000000000000        5.1284078406794862E-046   4.4972265528628136E-049   3.3675634782325886E-050   1.2518575222357097E-050   8.8501670194606165E-051   8.6292015382090329E-051   1.0027841439211500E-050   1.2675251397284217E-050   1.6946972298974446E-050   2.3786579035152546E-050   3.3963848903390220E-050   4.9028982103918817E-050   7.1711171763078041E-050   1.0580048832021591E-049   1.5693989649079641E-049   2.3382467082133264E-049   3.4766734906756659E-049   5.1562160323867784E-049
   9999999.9999999795        0.0000000000000000        0.0000000000000000        4.2532003492487970E-046   3.7140259925067234E-049   2.8163130640912903E-050   1.0450158303850041E-050   7.4597900734600626E-051   7.2684934402858729E-051   8.4007715678325932E-051   1.0625326879722342E-050   1.4270611955652675E-050   1.9894915599603051E-050   2.8606270159946601E-050   4.1218917769550401E-050   6.0107242958219699E-050   8.8482181460643086E-050   1.3101759139616930E-049   1.9493417841052033E-049   2.9044207126258281E-049   4.3387565375372508E-049
