   0.00000000       5.0000000000000009        7.4594777891030546        11.128761777224360        16.602950259484825        24.769867738841974        36.954055647382404        55.131591463785448        82.250576400402196        122.70926955994489        183.06941415989363        273.12044575796682        407.46717977629612        607.89847546594820        906.92103515356939        1353.0314636396799        2018.5816301955592        3011.5129671870409        4492.8628180655114        6702.8820801693328        10000.000000000000     
  0.10000000000000001        0.0000000000000000        0.0000000000000000        2.4410450238629042E-045   2.0047283082826632E-046   7.1694513247911372E-047   4.8364739475806606E-047   4.5720469036224067E-047   5.2806577933785176E-047   6.7929507773424625E-047   9.3080287537126057E-047   1.3227800601011733E-046   1.9226221914198385E-046   2.8231183482993206E-046   4.1525503141339366E-046   6.1408670021480742E-046   9.1117388430858046E-046   1.3550659041469620E-045   2.0183150300713993E-045   3.0095915589899215E-045   4.4917049203063744E-045
  0.14563484775012439        0.0000000000000000        0.0000000000000000        1.7635501878272792E-045   1.4588330794612811E-046   5.2552028086272310E-047   3.5568559996530734E-047   3.3556346861398026E-047   3.8546622640861468E-047   4.9762125713938743E-047   6.8439512628144263E-047   9.7437242312716566E-047   1.4075117092955687E-046   2.0614556680166051E-046   3.0432555704006564E-046   4.5141321648091664E-046   6.7159152416066792E-046   1.0011874576522251E-045   1.4875293484280486E-045   2.2122396352988280E-045   3.2933756554569547E-045
  0.21209508879201910        0.0000000000000000        0.0000000000000000        1.2783829232855760E-045   1.0607677997138003E-046   3.8277366059866949E-047   2.5995461445040510E-047   2.4649473170681219E-047   2.8557788081926044E-047   3.6695329783534468E-047   5.0379315852934542E-047   7.1524193314770011E-047   1.0389097769599425E-046   1.5277247081821941E-046   2.2490846461763032E-046   3.3243800005605749E-046   4.9306252142918249E-046   7.3300063152206319E-046   1.0914173903218186E-045   1.6269691457151557E-045   2.4275263934194897E-045
  0.30888435964774813        0.0000000000000000        0.0000000000000000        9.2598200814495273E-046   7.7559493910638891E-047   2.8252781278359724E-047   1.9218492863355198E-047   1.8255890781101567E-047   2.0977060048345598E-047   2.7133507863726645E-047   3.7236960125866099E-047   5.3216531248990645E-047   7.6770932677039144E-047   1.1233260832373050E-046   1.6571201805595432E-046   2.4565860598411087E-046   3.6529212884668977E-046   5.4432099090434474E-046   8.1223642371871769E-046   1.2077021047880572E-045   1.7969183944707778E-045
  0.44984326689694454        0.0000000000000000        0.0000000000000000        6.7559910499021067E-046   5.6729615959307485E-047   2.0693156297607133E-047   1.4173610392249999E-047   1.3479065423150708E-047   1.5616405473513501E-047   2.0108935027597017E-047   2.7721501082905405E-047   3.9265915647844385E-047   5.6948383053427508E-047   8.3651734166457957E-047   1.2377909527917451E-046   1.8298037288460944E-046   2.7114561700941929E-046   4.0277038493920360E-046   5.9927519384481224E-046   8.9272990609661622E-046   1.3311609324047325E-045
  0.65512855685955085        0.0000000000000000        0.0000000000000000        4.9141534612348110E-046   4.1768279810271680E-047   1.5374885017525276E-047   1.0528601841132250E-047   1.0086416071064582E-047   1.1611093889228564E-047   1.5067607835998330E-047   2.0588652494896463E-047   2.9367647633560977E-047   4.2645196811623284E-047   6.2286594841716407E-047   9.1756746365654543E-047   1.3586876496183751E-046   2.0183558037481721E-046   3.0049097389066417E-046   4.4803259844096534E-046   6.6874766349796634E-046   9.9878547448139110E-046
  0.95409547634999403        0.0000000000000000        0.0000000000000000        3.6062497153738058E-046   3.0711709246011704E-047   1.1354666031351864E-047   7.8644836814313753E-048   7.5011007587242635E-048   8.6825232705189470E-048   1.1218497523792520E-047   1.5487401665631598E-047   2.1971249768264374E-047   3.1780092137508281E-047   4.6591882769912211E-047   6.8839100937782133E-047   1.0218533323857695E-046   1.5212710310428319E-046   2.2572155056502629E-046   3.3541858664591161E-046   4.9907402574512266E-046   7.4334969968491916E-046
   1.3894954943731375        0.0000000000000000        0.0000000000000000        2.6393601847811133E-046   2.2835762421757143E-047   8.4732065457211668E-048   5.8673486666313876E-048   5.6365315843781136E-048   6.5676293027438901E-048   8.4576536879093702E-048   1.1619616351463676E-047   1.6503203531411879E-047   2.3978435927963426E-047   3.5269157434786251E-047   5.1906962768492063E-047   7.6715255095080562E-047   1.1377417468082448E-046   1.6913811488406231E-046   2.5184664463980762E-046   3.7544440632933679E-046   5.6023173451735940E-046
   2.0235896477251565        0.0000000000000000        0.0000000000000000        1.9469558463409452E-046   1.6869297907712752E-047   6.3461620210086883E-048   4.4307053129157288E-048   4.2697030727679757E-048   4.9317703218999858E-048   6.4059142824249278E-048   8.7762420803611764E-048   1.2538694857613964E-047   1.8153009003295932E-047   2.6530803864412869E-047   3.9104784704337464E-047   5.7932631677354180E-047   8.6098340249524730E-047   1.2823807383304935E-046   1.9128351905285450E-046   2.8563426592035271E-046   4.2506281999478156E-046
   2.9470517025518101        0.0000000000000000        0.0000000000000000        1.4374870612661892E-046   1.2626917725412737E-047   4.7542856139686174E-048   3.3424341749552122E-048   3.2209985789614230E-048   3.7462750530911892E-048   4.8487203176151974E-048   6.7007175127800531E-048   9.5070132627485661E-048   1.3751468280568916E-047   2.0161467231445191E-047   2.9790599704177820E-047   4.4225614083919643E-047   6.5846939833277526E-047   9.7687492357359642E-047   1.4514784520740130E-046   2.1595375061464381E-046   3.2164619823822997E-046
   4.2919342601287758        0.0000000000000000        0.0000000000000000        1.0652741076660430E-046   9.4329053408275318E-048   3.6029891451459415E-048   2.5331215288172223E-048   2.4565819395146288E-048   2.8746691810386520E-048   3.7092633270677470E-048   5.1108950628638652E-048   7.2508162257569610E-048   1.0527600411180944E-047   1.5477193596628096E-047   2.2859846170761845E-047   3.3761350931851360E-047   5.0040682154700059E-047   7.4354620413524462E-047   1.1066661193017798E-046   1.6491612525302906E-046   2.4600621097524920E-046
   6.2505519252739701        0.0000000000000000        0.0000000000000000        7.9619505156694937E-047   7.0861132980801193E-048   2.7306050533411079E-048   1.9395915636470650E-048   1.8916501908660318E-048   2.1985998223996729E-048   2.8642025369910129E-048   3.9168674758788872E-048   5.5843799693477345E-048   8.1345921678598644E-048   1.1877700999592267E-047   1.7482460841522573E-047   2.5870850167751837E-047   3.8412261000175716E-047   5.7166362227848320E-047   8.5209257134936282E-047   1.2715569438399804E-046   1.8993048363349361E-046
   9.1029817799152166        0.0000000000000000        0.0000000000000000        5.9244497143727087E-047   5.3824147557226041E-048   2.0760290597704531E-048   1.4916664482981673E-048   1.4524684743679181E-048   1.6931411790734812E-048   2.2036815845209967E-048   3.0297476970994677E-048   4.3380812732467438E-048   6.2577813631712299E-048   9.1523632349597824E-048   1.3498626356489860E-047   2.0009669891858438E-047   2.9754330019101146E-047   4.4341688499280804E-047   6.6177177808880817E-047   9.8496778433167173E-047   1.4649105918832987E-046
   13.257113655901083        0.0000000000000000        0.0000000000000000        4.4626914194943423E-047   4.0670750281211132E-048   1.5938970863396498E-048   1.1459387307043400E-048   1.1223069609737664E-048   1.3152667871667394E-048   1.7079051553536938E-048   2.3627544467511304E-048   3.3567018812931371E-048   4.8534031512936379E-048   7.1141517885745542E-048   1.0510867995222888E-047   1.5603614502578776E-047   2.3232381509341613E-047   3.4509492345510041E-047   5.1256781518978746E-047   7.6238573769129191E-047   1.1352751914411995E-046
   19.306977288832499        0.0000000000000000        0.0000000000000000        3.3637326692487423E-047   3.0980852201201302E-048   1.2343033780405268E-048   8.8814977493183246E-049   8.7440260115876367E-049   1.0295791445522074E-048   1.3344038822264227E-048   1.8496137820406142E-048   2.6175739414122835E-048   3.7945333130237208E-048   5.5725532011326640E-048   8.2454707766474687E-048   1.2230318211393319E-047   1.8104982772970014E-047   2.6874015811710591E-047   3.9961909544150919E-047   5.9503775047563352E-047   8.8700647089744819E-047
   28.117686979742281        0.0000000000000000        0.0000000000000000        2.5419703312176275E-047   2.3822558963348526E-048   9.5088921678784168E-049   6.9373316723983704E-049   6.8625244951901435E-049   8.1140779780741723E-049   1.0500511769606125E-048   1.4484253737198596E-048   2.0565786508909917E-048   2.9877948890312604E-048   4.3947626970589773E-048   6.4862753028594567E-048   9.5774708368222164E-048   1.4193891424952470E-047   2.1090383332573063E-047   3.1391840039052746E-047   4.6785639325599798E-047   6.9803526718758945E-047
   40.949150623804236        0.0000000000000000        0.0000000000000000        1.9410244181023008E-047   1.8381738186792250E-048   7.3849210676018299E-049   5.4561467879026483E-049   5.4207930723824469E-049   6.3798446062229215E-049   8.3153179797220274E-049   1.1424873517254420E-048   1.6266130447342578E-048   2.3674025912750137E-048   3.4777680946944214E-048   5.1110251437326216E-048   7.5546989563493728E-048   1.1206440306606946E-047   1.6665487248298532E-047   2.4825264500067749E-047   3.7026842795341623E-047   5.5283716086218771E-047
   59.636233165946436        0.0000000000000000        0.0000000000000000        1.4879787843806287E-047   1.4171555686845810E-048   5.7785070555796119E-049   4.3132878740187946E-049   4.2982978489985106E-049   5.0503866671247391E-049   6.6220047847520460E-049   9.0701628491557705E-049   1.2942040814413900E-048   1.8863488429938428E-048   2.7561947707874963E-048   4.0545044280226388E-048   5.9979732557880608E-048   8.9037102120359819E-048   1.3249925963865127E-047   1.9749832582398136E-047   2.9474607800629328E-047   4.4033447367860579E-047
   86.851137375135210        0.0000000000000000        0.0000000000000000        1.1394324657435755E-047   1.1015186595071144E-048   4.5517047609674296E-049   3.4067463449420692E-049   3.4116525841851123E-049   4.0229727859841863E-049   5.2859595659848978E-049   7.2429402100632872E-049   1.0352425249380117E-048   1.5069692461901237E-048   2.1982079393057019E-048   3.2359902181367204E-048   4.7900560119294778E-048   7.1144884511961916E-048   1.0592712189184409E-047   1.5796676230503233E-047   2.3585807028318048E-047   3.5251818585894184E-047
   126.48552168552959        0.0000000000000000        0.0000000000000000        8.8038632322648511E-048   8.6239520331978786E-049   3.6067094853221238E-049   2.7080589108211351E-049   2.7246576037745727E-049   3.2229490454677877E-049   4.2351053066932283E-049   5.8148842820216436E-049   8.3214765797221180E-049   1.2082324884186195E-048   1.7634455327547857E-048   2.5971929596540372E-048   3.8460596262768560E-048   5.7145062946913152E-048   8.5112728117186695E-048   1.2696917379551314E-047   1.8963758653531934E-047   2.8301577831264837E-047
   184.20699693267147        0.0000000000000000        0.0000000000000000        6.8564181090096106E-048   6.7954124564296360E-049   2.8732239880315377E-049   2.1654351541731356E-049   2.1885808303142720E-049   2.5959181615637569E-049   3.4130164986682002E-049   4.6919509506776936E-049   6.7195332945987317E-049   9.7438412340286635E-049   1.4224957970365388E-048   2.0955104615219892E-048   3.1037856717934858E-048   4.6125066880572601E-048   6.8712611445521882E-048   1.0252323378578665E-047   1.5315473443162077E-047   2.2821292146744210E-047
   268.26957952797250        0.0000000000000000        0.0000000000000000        5.3773332719794778E-048   5.3855274666963577E-049   2.2961708291190715E-049   1.7412244491668715E-049   1.7677603466597295E-049   2.1017934814107833E-049   2.7662818828496321E-049   3.8044683504362147E-049   5.4499724429156296E-049   7.9031647197316867E-049   1.1536854466688245E-048   1.6994620830924615E-048   2.5171649562594210E-048   3.7407566433359001E-048   5.5727729657255575E-048   8.3152208043924954E-048   1.2422320772939419E-047   1.8510032661844056E-047
   390.69399370546131        0.0000000000000000        0.0000000000000000        4.2134350064994261E-048   4.2759638952429278E-049   1.8400456572366305E-049   1.4077389108753638E-049   1.4358162641261370E-049   1.7107328243363225E-049   2.2553032697042843E-049   3.1003173242823405E-049   4.4401150267419691E-049   6.4482278292401823E-049   9.4088373713639537E-049   1.3855557763592344E-048   2.0517423661972168E-048   3.0484990605247097E-048   4.5408091193742569E-048   6.7745645049046868E-048   1.0119637708808319E-047   1.5103991410236058E-047
   568.98660290182931        0.0000000000000000        0.0000000000000000        3.3163836259235923E-048   3.4049497676765786E-049   1.4832694703112236E-049   1.1444022103096126E-049   1.1730467420133752E-049   1.4003217336962325E-049   1.8504653787196842E-049   2.5401787862197222E-049   3.6348406209541902E-049   5.2951864461067581E-049   7.7198249186845495E-049   1.1361119044543068E-048   1.6815312611990536E-048   2.4973786725085830E-048   3.7185972717111984E-048   5.5461606901788432E-048   8.2823872871039549E-048   1.2382246035056261E-047
   828.64277285468438        0.0000000000000000        0.0000000000000000        2.6273019948068659E-048   2.7274972494867847E-049   1.2027616632782318E-049   9.3577545356051532E-050   9.6461485112499080E-050   1.1535996633412382E-049   1.5265099139846251E-049   2.0941868149634777E-049   2.9920578499447300E-049   4.3646907025348662E-049   6.3783319722588529E-049   9.3773602395699869E-049   1.3867992996911835E-048   2.0582138143887366E-048   3.0628672102262003E-048   4.5657343370155088E-048   6.8149672041091743E-048   1.0184037643316351E-047
   1206.7926406393290        0.0000000000000000        0.0000000000000000        2.0936996262999760E-048   2.1972860088665496E-049   9.8129938208880221E-050   7.7017071202178021E-050   7.9927075126690089E-050   9.5766318854945880E-050   1.2619734708337826E-049   1.7395528223012250E-049   2.4794646614198136E-049   3.6111200430189800E-049   5.3149861339405990E-049   7.8023922632911110E-049   1.1524979172444811E-048   1.7086999040978762E-048   2.5404809666536695E-048   3.7839725494745677E-048   5.6439066322869850E-048   8.4284045953162666E-048
   1757.5106248547895        0.0000000000000000        0.0000000000000000        1.6774941721477862E-048   1.7800024553449812E-049   8.0588970276462324E-050   6.3866216481943356E-050   6.6513552212757461E-050   8.0267000151246175E-050   1.0511568332772301E-049   1.4588726965382819E-049   2.0722192886230613E-049   3.0109140283826023E-049   4.4297024444320889E-049   6.5587348779477999E-049   9.6714508927120030E-049   1.4317694740248404E-048   2.1260184095768044E-048   3.1629626386246108E-048   4.7126035105259914E-048   7.0307774625711351E-048
   2559.5479226995335        0.0000000000000000        0.0000000000000000        1.3507171830757882E-048   1.4499316447454753E-049   6.6394583658050977E-050   5.3414986643053239E-050   5.5527404364591534E-050   6.7366764240514439E-050   8.8416548156376669E-050   1.2369853786228973E-049   1.7512668727609991E-049   2.5361198468980420E-049   3.7221724675344971E-049   5.5064248429622250E-049   8.1854111748940611E-049   1.2144259237536215E-048   1.8000513475195810E-048   2.6736343049035579E-048   3.9775299324180300E-048   5.9259512213027573E-048
   3727.5937203149379        0.0000000000000000        0.0000000000000000        1.0925951201515388E-048   1.1875842203461540E-049   5.4885046529891119E-050   4.4581851377251938E-050   4.6809535651806203E-050   5.6956384123820078E-050   7.5336709218309510E-050   1.0468383767220958E-049   1.5021498218525910E-049   2.1653115635346536E-049   3.1672337996435189E-049   4.6733459203410462E-049   6.9324716289018507E-049   1.0315886097259359E-048   1.5388639289034303E-048   2.2939433375009238E-048   3.4055175774459251E-048   5.0640306402466431E-048
   5428.6754393238598        0.0000000000000000        0.0000000000000000        8.8754415213820976E-049   9.7803865399745115E-050   4.5631703328070850E-050   3.7520031378640394E-050   3.9942578964402258E-050   4.8821372637853918E-050   6.5292595356909111E-050   8.9893649601203192E-050   1.2872371630581217E-049   1.8795873776952465E-049   2.7405314911598368E-049   4.0292507103398022E-049   5.9596671144078919E-049   8.8457581405992372E-049   1.3166592149451626E-048   1.9632051994576644E-048   2.9311521046082264E-048   4.3818849966246195E-048
   7906.0432109076855        0.0000000000000000        0.0000000000000000        7.2378051480804442E-049   8.0979105739397578E-050   3.8165843742322483E-050   3.1873810850861156E-050   3.4586505148086218E-050   4.2580466579058308E-050   5.6345524036170925E-050   7.8675028736244263E-050   1.1177422723014343E-049   1.6230252853851338E-049   2.3862200051025625E-049   3.5348604151015276E-049   5.2246002623959077E-049   7.7276905758372091E-049   1.1467782108347549E-048   1.7052075791437745E-048   2.5394797987663766E-048   3.7875898830498609E-048
   11513.953993264458        0.0000000000000000        0.0000000000000000        5.9234450357417727E-049   6.6892771831719240E-050   3.2111861707328716E-050   2.7346352252754307E-050   2.9797328135175648E-050   3.6979617134917915E-050   4.9378475114638334E-050   6.8937326428091798E-050   9.9166003609429479E-050   1.4292804436444066E-049   2.0897672389616097E-049   3.0825008161092008E-049   4.5717111561909746E-049   6.8012441943724722E-049   1.0144820098260478E-048   1.5134818119908710E-048   2.2462473664127952E-048   3.3398583473887659E-048
   16768.329368110066        0.0000000000000000        0.0000000000000000        4.8639530756019992E-049   5.5408675042359491E-050   2.7171561180424975E-050   2.3495913809586148E-050   2.5837836132319465E-050   3.2434871337715744E-050   4.3886681244231301E-050   6.0930270316941067E-050   8.7147179327039661E-050   1.2700662555601691E-049   1.8707052648050385E-049   2.7439548283337382E-049   4.0511349093491251E-049   6.0025656423918504E-049   8.9226310730429259E-049   1.3287898977374974E-048   1.9817464657138650E-048   2.9599947358962998E-048
   24420.530945486498        0.0000000000000000        0.0000000000000000        4.0067970953904391E-049   4.6044453929215265E-050   2.3109471903038587E-050   2.0030931019927010E-050   2.2637261553611350E-050   2.8751472703349553E-050   3.8580039721480076E-050   5.4427650547866887E-050   7.7810567482770363E-050   1.1252410953552138E-049   1.6484826838097748E-049   2.4351495409698265E-049   3.6160200798170336E-049   5.3846424419654648E-049   8.0043734568723983E-049   1.1872709791939166E-048   1.7641348247177812E-048   2.6262003968781708E-048
   35564.803062231287        0.0000000000000000        0.0000000000000000        3.3112075953538928E-049   3.8391624960592109E-050   1.9423173318819279E-050   1.7144989232203834E-050   1.9567682427923990E-050   2.5041344970635368E-050   3.4367675489959672E-050   4.8018923004810520E-050   6.9079430338457867E-050   1.0094498705717977E-049   1.4752398575540826E-049   2.1671728057804296E-049   3.2035119605886657E-049   4.7510052553637950E-049   7.0689088431049959E-049   1.0536178586069814E-048   1.5726214714723491E-048   2.3509416854127617E-048
   51794.746792312020        0.0000000000000000        0.0000000000000000        2.7450568137251670E-049   3.2125359546964285E-050   1.6376802462787290E-050   1.4713628725819667E-050   1.6843389024065655E-050   2.1923825298964449E-050   3.0089827460732367E-050   4.2806419799742154E-050   6.1108647928038877E-050   8.8719387735456764E-050   1.3025860819233834E-049   1.9271921973999248E-049   2.8652245210058723E-049   4.2420542064311055E-049   6.2865326117125828E-049   9.3356179448925286E-049   1.3887038420531651E-048   2.0697153244945905E-048
   75431.200633546076        0.0000000000000000        0.0000000000000000        2.2826509240167676E-049   2.6980422473212117E-050   1.3852594865259967E-050   1.2540468349780654E-050   1.4497229571612821E-050   1.9059413364189306E-050   2.6238541078634594E-050   3.7275387645137852E-050   5.4069227197937414E-050   7.8491052180364265E-050   1.1460640287472432E-049   1.6881639675413525E-049   2.5006059649245092E-049   3.7146379325393792E-049   5.5353653778664245E-049   8.2615287623473637E-049   1.2346803974900737E-048   1.8354164642571826E-048
   109854.11419875573        0.0000000000000000        0.0000000000000000        1.8936830057370076E-049   2.2736365738018108E-050   1.1752580143433686E-050   1.0577212639603163E-050   1.2411424741155510E-050   1.6259175849402933E-050   2.2870002707653647E-050   3.2365909451381222E-050   4.6755205440515584E-050   6.8337135959719171E-050   1.0075293020310659E-049   1.4830678729624596E-049   2.1884971768282007E-049   3.2397385854884874E-049   4.8134234045569050E-049   7.1641655684011024E-049   1.0679641165404559E-048   1.5948972504794503E-048
   159985.87196060573        0.0000000000000000        0.0000000000000000        1.5670396665925358E-049   1.9054394920929380E-050   9.9941903006461266E-051   8.9187005537437674E-051   1.0438016504257161E-050   1.3826689598762017E-050   1.9486404934027743E-050   2.8049545272044181E-050   4.0386115837195656E-050   5.8812712321475026E-050   8.6417707040287281E-050   1.2789150833900931E-049   1.9012116751566914E-049   2.8252343802606506E-049   4.1852400754828884E-049   6.2119352153007454E-049   9.2366824600712223E-049   1.3762604811843015E-048
   232995.18105153670        0.0000000000000000        0.0000000000000000        1.2979394338107042E-049   1.5900512600321852E-050   8.3751071555472361E-051   7.5147130009607009E-051   8.7576861657076663E-051   1.1715092381099653E-050   1.6494586848894584E-050   2.3840152909418934E-050   3.4781702667784971E-050   5.0490840205464981E-050   7.3960784514483129E-050   1.0917493181005699E-049   1.6192352903078017E-049   2.4075092503142452E-049   3.5904110945384027E-049   5.3618882280702211E-049   7.9719856306069151E-049   1.1851860620354303E-048
   339322.17718953232        0.0000000000000000        0.0000000000000000        1.0756758222830036E-049   1.3271630273986528E-050   7.0164639249067138E-051   6.3250278156258211E-051   7.3324037060708166E-051   9.8922479496173224E-051   1.3915081865649633E-050   2.0098314042274120E-050   2.9376864593119639E-050   4.3196087314500265E-050   6.3098330752046981E-050   9.2921603414825020E-050   1.3752121072879957E-049   2.0406033470589389E-049   3.0379487376618729E-049   4.5293265617354944E-049   6.7629881921999296E-049   1.0114938429199856E-048
   494171.33613238280        0.0000000000000000        0.0000000000000000        8.9181049779442062E-050   1.1074339917338143E-050   5.8744023988070638E-051   5.3174229723453425E-051   6.1290278614162508E-051   8.2562272678210163E-051   1.1704356915513065E-050   1.6894373145335575E-050   2.4665502539861568E-050   3.6236578558759205E-050   5.3551547983763773E-050   7.8829316476167458E-050   1.1643216921048903E-049   1.7244610463006960E-049   2.5631298207426259E-049   3.8154789440561863E-049   5.6890688694973965E-049   8.4977792136705714E-049
   719685.67300115142        0.0000000000000000        0.0000000000000000        7.3961725510022490E-050   9.2363350841299206E-051   4.9137186596931693E-051   4.4190569346316285E-051   5.1175296363370163E-051   6.8567662097892227E-051   9.8226400571994146E-051   1.4166934697928737E-050   2.0659983618768867E-050   3.0306567912847107E-050   4.4719040467193351E-050   6.6374672890688110E-050   9.8290596101307392E-050   1.4532352831999720E-049   2.1567146671049850E-049   3.2058169431291366E-049   4.7737135449372357E-049   7.1218715156782953E-049
   1048113.1341546853        0.0000000000000000        0.0000000000000000        6.1364292858764786E-050   7.6999961567954683E-051   4.1065260519091154E-051   3.6659366954632015E-051   4.2705308765748454E-051   5.6901151303624072E-051   8.1904737136141622E-051   1.1858964816658583E-050   1.7273114124040048E-050   2.5300825004713112E-050   3.7277444103082292E-050   5.5260507818772819E-050   8.2213836733858108E-050   1.2218842285619907E-049   1.8107582580695706E-049   2.6878684177759587E-049   3.9974352457975544E-049   5.9568996396931182E-049
   1526417.9671752304        0.0000000000000000        0.0000000000000000        5.0939944117181823E-050   6.4177691822131430E-051   3.4297636656519060E-051   3.0402929151047503E-051   3.5456195978040663E-051   4.7205297007381023E-051   6.7845148651377212E-051   9.9161552513218473E-051   1.4423807609718290E-050   2.1095421541875683E-050   3.1035826158621892E-050   4.5951718996766598E-050   6.8288787828784981E-050   1.0169413363573376E-049   1.5179129817006095E-049   2.2501911722878197E-049   3.3424833436443602E-049   4.9754049293673712E-049
   2222996.4825261910        0.0000000000000000        0.0000000000000000        4.2315982563648281E-050   5.3451191761137036E-051   2.8584025001021720E-051   2.5214162611028319E-051   2.9307696230191091E-051   3.9164459111691780E-051   5.6188267587842868E-051   8.2274056652512105E-051   1.2036708382299212E-050   1.7576602592266543E-050   2.5820768231400686E-050   3.8183676039024381E-050   5.6682490087695660E-050   8.4324943830495671E-050   1.2581078819654757E-049   1.8792788800598802E-049   2.7923860256189361E-049   4.1520808705121602E-049
   3237457.5428176401        0.0000000000000000        0.0000000000000000        3.5158294549451213E-050   4.4155139711209435E-051   2.3634581476189809E-051   2.0916300238498592E-051   2.4234215861749469E-051   3.2505187360573512E-051   4.6540309884177350E-051   6.8065716865824874E-051   1.0028460032844925E-050   1.4641361428016183E-050   2.1476396086834461E-050   3.1719962102278944E-050   4.7035496480474124E-050   6.9902593263401419E-050   1.0420136694883287E-049   1.5551985804234179E-049   2.3245626732303894E-049   3.4638082554025997E-049
   4714866.3634573901        0.0000000000000000        0.0000000000000000        2.9006454787075904E-050   3.6489465886908790E-051   1.9546650285044461E-051   1.7359300137790981E-051   2.0049693378958195E-051   2.6994191800430585E-051   3.8563696015962641E-051   5.6323840120488791E-051   8.2888718519292886E-051   1.2198243316554428E-050   1.7865009260645523E-050   2.6352626032620950E-050   3.9032934464572399E-050   5.7949970284896080E-050   8.6307202997015545E-050   1.2870493027801484E-049   1.9222844015512635E-049   2.8755917497660822E-049
   6866488.4500429993        0.0000000000000000        0.0000000000000000        2.3947727087688796E-050   3.0170620415566076E-051   1.6172598675592088E-051   1.4416681766981249E-051   1.6598774620594383E-051   2.2434719100196592E-051   3.1972606820733283E-051   4.6627890188496298E-051   6.8533926442989080E-051   1.0110279427551718E-050   1.4867049695623805E-050   2.1901669252021714E-050   3.2403090055014982E-050   4.8056536713531235E-050   7.1507462077589256E-050   1.0654371353319774E-049   1.5900478525447416E-049   2.3768948935291824E-049
   9999999.9999999795        0.0000000000000000        0.0000000000000000        1.9786437609478306E-050   2.4962443884381988E-051   1.3388693654359589E-051   1.1982515637133881E-051   1.3752451737684596E-051   1.8662195029464650E-051   2.6527294929125922E-051   3.8624251632665670E-051   5.6694124193707535E-051   8.3532973968751674E-051   1.2362579758245374E-050   1.8213418766284533E-050   2.6914520667732722E-050   3.9873356596311473E-050   5.9275468792068538E-050   8.8240765368985280E-050   1.3158355033049523E-049   1.9655439043628256E-049
