   0.00000000       100.00000000000000     
  0.10000000000000001        5.5436506934894087E-047
  0.14563484775012439        4.0520877536525163E-047
  0.21209508879201910        2.9782276379197903E-047
  0.30888435964774813        2.1947539848997295E-047
  0.44984326689694454        1.6218172456936162E-047
  0.65512855685955085        1.2092630374282921E-047
  0.95409547634999403        8.9813445151633669E-048
   1.3894954943731375        6.7567026202812201E-048
   2.0235896477251565        5.0833746345393994E-048
   2.9470517025518101        3.8421705602197859E-048
   4.2919342601287758        2.9362717189144191E-048
   6.2505519252739701        2.2523351958713061E-048
   9.1029817799152166        1.7304909331300204E-048
   13.257113655901083        1.3429153865608588E-048
   19.306977288832499        1.0517037264341527E-048
   28.117686979742281        8.3066244312945358E-049
   40.949150623804236        6.6140773983071418E-049
   59.636233165946436        5.2985187503889802E-049
   86.851137375135210        4.2837608128617318E-049
   126.48552168552959        3.5055725267467142E-049
   184.20699693267147        2.8922146715469371E-049
   268.26957952797250        2.4141293371345501E-049
   390.69399370546131        2.0459417342803224E-049
   568.98660290182931        1.7687759984603971E-049
   828.64277285468438        1.5554664763157300E-049
   1206.7926406393290        1.3783628658938068E-049
   1757.5106248547895        1.2536675908006470E-049
   2559.5479226995335        1.1404312648559470E-049
   3727.5937203149379        1.0529768198433119E-049
   5428.6754393238598        9.7873906450302201E-050
   7906.0432109076855        8.9768917490241524E-050
   11513.953993264458        8.2729101075656971E-050
   16768.329368110066        7.4391560064758062E-050
   24420.530945486498        6.6628072088362673E-050
   35564.803062231287        5.7853859740950924E-050
   51794.746792312020        4.9825450380174467E-050
   75431.200633546076        4.2507872775552995E-050
   109854.11419875573        3.5693540311451525E-050
   159985.87196060573        2.9662118913957268E-050
   232995.18105153670        2.4568396782981079E-050
   339322.17718953232        2.0309254857992245E-050
   494171.33613238280        1.6772988962646427E-050
   719685.67300115142        1.3850351923948212E-050
   1048113.1341546853        1.1441395249751945E-050
   1526417.9671752304        9.4585317508306200E-051
   2222996.4825261910        7.8270990159927874E-051
   3237457.5428176401        6.4845592092796316E-051
   4714866.3634573901        5.3648592132101069E-051
   6866488.4500429993        4.4207367798593966E-051
   9999999.9999999795        3.6459537089461038E-051
