   0.00000000       100.00000000000000        5000.0000000000000     
  0.10000000000000001        6.0173698559952600E-047   2.2948800167283589E-045
  0.14563484775012439        4.4379823139175297E-047   1.6773879686267390E-045
  0.21209508879201910        3.2647977274905309E-047   1.2441429655587522E-045
  0.30888435964774813        2.4205143315370556E-047   9.1682854240545510E-046
  0.44984326689694454        1.8020028441401696E-047   6.8340937626329979E-046
  0.65512855685955085        1.3426544015069987E-047   5.1057213482857948E-046
  0.95409547634999403        1.0129287373879421E-047   3.8241889670538574E-046
   1.3894954943731375        7.6136707814006515E-048   2.8986282236348017E-046
   2.0235896477251565        5.7707438295610203E-048   2.1935304261953165E-046
   2.9470517025518101        4.4211724810935772E-048   1.6706299699268786E-046
   4.2919342601287758        3.3913196828904015E-048   1.2857101669959192E-046
   6.2505519252739701        2.6124946699559696E-048   9.9834847751159002E-047
   9.1029817799152166        2.0324062763471243E-048   7.7321010971517318E-047
   13.257113655901083        1.5954560452446045E-048   6.0480873748004738E-047
   19.306977288832499        1.2630773072989806E-048   4.7751184622076779E-047
   28.117686979742281        1.0081079254951305E-048   3.8041768086119726E-047
   40.949150623804236        8.1115401434759468E-049   3.0581400395174333E-047
   59.636233165946436        6.5819964485655124E-049   2.4817646413809752E-047
   86.851137375135210        5.3901172037146639E-049   2.0350766975402657E-047
   126.48552168552959        4.4606249210772144E-049   1.6889613565633728E-047
   184.20699693267147        3.7379637107547074E-049   1.4222080504063920E-047
   268.26957952797250        3.1813114825383725E-049   1.2195517799133581E-047
   390.69399370546131        2.7612138873875724E-049   1.0491743547208114E-047
   568.98660290182931        2.4123219458169412E-049   9.1797224681783265E-048
   828.64277285468438        2.1321461178878180E-049   8.1987631304781210E-048
   1206.7926406393290        1.9136988706496440E-049   7.2835052519149542E-048
   1757.5106248547895        1.7064609042327796E-049   6.6052679989816570E-048
   2559.5479226995335        1.5386341156499600E-049   5.8802355281664752E-048
   3727.5937203149379        1.3584045074667247E-049   5.2911887275792140E-048
   5428.6754393238598        1.2017638338316280E-049   4.6357217209030921E-048
   7906.0432109076855        1.0403041889003573E-049   4.0389368379566129E-048
   11513.953993264458        8.8799203247247679E-050   3.4933935414714764E-048
   16768.329368110066        7.5248036255347105E-050   2.9481247565428994E-048
   24420.530945486498        6.3352067373947093E-050   2.4687987823874182E-048
   35564.803062231287        5.3085688254391129E-050   2.0575575702031924E-048
   51794.746792312020        4.4014591367822315E-050   1.7094904737237418E-048
   75431.200633546076        3.6394271818722313E-050   1.4179337849578666E-048
   109854.11419875573        3.0083921263524281E-050   1.1753766577560143E-048
   159985.87196060573        2.4871071733177125E-050   9.7438225508145131E-049
   232995.18105153670        2.0569320696482881E-050   8.0816389107992508E-049
   339322.17718953232        1.7020645471666549E-050   6.6653386171990964E-049
   494171.33613238280        1.4093398714770394E-050   5.4937021284497207E-049
   719685.67300115142        1.1678614079161027E-050   4.5310965142481990E-049
   1048113.1341546853        9.6862275038493132E-051   3.7400794159714010E-049
   1526417.9671752304        8.0418238033257915E-051   3.0898286430583850E-049
   2222996.4825261910        6.6484613174523810E-051   2.5550217084310628E-049
   3237457.5428176401        5.4847175771520785E-051   2.1148860775957450E-049
   4714866.3634573901        4.5283121912102539E-051   1.7524004842661192E-049
   6866488.4500429993        3.7418718913391995E-051   1.4536272379577828E-049
   9999999.9999999795        3.0947887488765342E-051   1.2071572968023620E-049
