1.000000000000000021e-02,5.098124272448314898e+00
1.007072300075525194e-02,5.095599438856256214e+00
1.014194617579408653e-02,5.093058220475523257e+00
1.021367306249912864e-02,5.090500521354402785e+00
1.028590722327043204e-02,5.087926245125550473e+00
1.035865224570241272e-02,5.085335295006411904e+00
1.043191174276203274e-02,5.082727573799593834e+00
1.050568935296824179e-02,5.080102983893413082e+00
1.057998874057268328e-02,5.077461427262340621e+00
1.065481359574169638e-02,5.074802805467599320e+00
1.073016763473956872e-02,5.072127019657757252e+00
1.080605460011313523e-02,5.069433970569400039e+00
1.088247826087764512e-02,5.066723558527788995e+00
1.095944241270395240e-02,5.063995683447615193e+00
1.103695087810703176e-02,5.061250244833829903e+00
1.111500750663583711e-02,5.058487141782407548e+00
1.119361617506448199e-02,5.055706272981312921e+00
1.127278078758479039e-02,5.052907536711377823e+00
1.135250527600020591e-02,5.050090830847325130e+00
1.143279359992106260e-02,5.047256052858799968e+00
1.151364974696124886e-02,5.044403099811437308e+00
1.159507773293625386e-02,5.041531868368056557e+00
1.167708160206261912e-02,5.038642254789812647e+00
1.175966542715880039e-02,5.035734154937471452e+00
1.184283330984744684e-02,5.032807464272718079e+00
1.192658938075911480e-02,5.029862077859515779e+00
1.201093779973742143e-02,5.026897890365535915e+00
1.209588275604562765e-02,5.023914796063642996e+00
1.218142846857475994e-02,5.020912688833404580e+00
1.226757918605306599e-02,5.017891462162726413e+00
1.235433918725710109e-02,5.014851009149499106e+00
1.244171278122420399e-02,5.011791222503288346e+00
1.252970430746651841e-02,5.008711994547195623e+00
1.261831813618652202e-02,5.005613217219595512e+00
1.270755866849407681e-02,5.002494782076159829e+00
1.279743033662500765e-02,4.999356580291757446e+00
1.288793760416124916e-02,4.996198502662494434e+00
1.297908496625252428e-02,4.993020439607880334e+00
1.307087694983959970e-02,4.989822281172971330e+00
1.316331811387913206e-02,4.986603917030577371e+00
1.325641304957008229e-02,4.983365236483655814e+00
1.335016638058175026e-02,4.980106128467636672e+00
1.344458276328341223e-02,4.976826481552892645e+00
1.353966688697558728e-02,4.973526183947287294e+00
1.363542347412293083e-02,4.970205123498762312e+00
1.373185728058879534e-02,4.966863187698018933e+00
1.382897309587140591e-02,4.963500263681270397e+00
1.392677574334177416e-02,4.960116238233093888e+00
1.402527008048323233e-02,4.956710997789277151e+00
1.412446099913269512e-02,4.953284428439901355e+00
1.422435342572361469e-02,4.949836415932318268e+00
1.432495232153065817e-02,4.946366845674331714e+00
1.442626268291611474e-02,4.942875602737445639e+00
1.452828954157804955e-02,4.939362571860149487e+00
1.463103796480020279e-02,4.935827637451336791e+00
1.473451305570367201e-02,4.932270683593742433e+00
1.483871995350035354e-02,4.928691594047561964e+00
1.494366383374819141e-02,4.925090252254069156e+00
1.504934990860823212e-02,4.921466541339393430e+00
1.515578342710348879e-02,4.917820344118305265e+00
1.526296967537963539e-02,4.914151543098165043e+00
1.537091397696756234e-02,4.910460020482939392e+00
1.547962169304777091e-02,4.906745658177308123e+00
1.558909822271661340e-02,4.903008337790842219e+00
1.569934900325450217e-02,4.899247940642320387e+00
1.581037951039591591e-02,4.895464347764115765e+00
1.592219525860137305e-02,4.891657439906668792e+00
1.603480180133130470e-02,4.887827097543115507e+00
1.614820473132189474e-02,4.883973200873903409e+00
1.626240968086281949e-02,4.880095629831649795e+00
1.637742232207700654e-02,4.876194264085983221e+00
1.649324836720234000e-02,4.872268983048567037e+00
1.660989356887536059e-02,4.868319665878160230e+00
1.672736372041698505e-02,4.864346191485839910e+00
1.684566465612022737e-02,4.860348438540344596e+00
1.696480225153998087e-02,4.856326285473387294e+00
1.708478242378481601e-02,4.852279610485288330e+00
1.720561113181088078e-02,4.848208291550582416e+00
1.732729437671784445e-02,4.844112206423705658e+00
1.744983820204696473e-02,4.839991232644933916e+00
1.757324869408119494e-02,4.835845247546306958e+00
1.769753198214757753e-02,4.831674128257730239e+00
1.782269423892153190e-02,4.827477751713201037e+00
1.794874168073351886e-02,4.823255994657086987e+00
1.807568056787775199e-02,4.819008733650603560e+00
1.820351720492312600e-02,4.814735845078359056e+00
1.833225794102632741e-02,4.810437205155052354e+00
1.846190917024719685e-02,4.806112689932260373e+00
1.859247733186627366e-02,4.801762175305380076e+00
1.872396891070463379e-02,4.797385537020670832e+00
1.885639043744594123e-02,4.792982650682461099e+00
1.898974848896082396e-02,4.788553391760428823e+00
1.912404968863350846e-02,4.784097635597044373e+00
1.925930070669077884e-02,4.779615257415174234e+00
1.939550826053327084e-02,4.775106132325717567e+00
1.953267911506909038e-02,4.770570135335510997e+00
1.967082008304981214e-02,4.766007141355224519e+00
1.980993802540879922e-02,4.761417025207531850e+00
1.995003985160205898e-02,4.756799661635294996e+00
2.009113251995126373e-02,4.752154925309978850e+00
2.023322303798951588e-02,4.747482690840137742e+00
2.037631846280920506e-02,4.742782832780100932e+00
2.052042590141265818e-02,4.738055225638751367e+00
2.066555251106502733e-02,4.733299743888487399e+00
2.081170549964980396e-02,4.728516261974278656e+00
2.095889212602678603e-02,4.723704654322949281e+00
2.110711970039261254e-02,4.718864795352487818e+00
2.125639558464381684e-02,4.713996559481635984e+00
2.140672719274248903e-02,4.709099821139545838e+00
2.155812199108446750e-02,4.704174454775599479e+00
2.171058749887019856e-02,4.699220334869401938e+00
2.186413128847815648e-02,4.694237335940906419e+00
2.201876098584095234e-02,4.689225332560702952e+00
2.217448427082409704e-02,4.684184199360482026e+00
2.233130887760736982e-02,4.679113811043599469e+00
2.248924259506905957e-02,4.674014042395871371e+00
2.264829326717266236e-02,4.668884768296490684e+00
2.280846879335661492e-02,4.663725863729074383e+00
2.296977712892648779e-02,4.658537203792953996e+00
2.313222628545019005e-02,4.653318663714554937e+00
2.329582433115584897e-02,4.648070118858968591e+00
2.346057939133250336e-02,4.642791444741675377e+00
2.362649964873369049e-02,4.637482517040515617e+00
2.379359334398382583e-02,4.632143211607667510e+00
2.396186877598750070e-02,4.626773404481959062e+00
2.413133430234164212e-02,4.621372971901242188e+00
2.430199833975061827e-02,4.615941790315014615e+00
2.447386936444424788e-02,4.610479736397135930e+00
2.464695591259880372e-02,4.604986687058788775e+00
2.482126658076094089e-02,4.599462519461566146e+00
2.499681002627468854e-02,4.593907111030771873e+00
2.517359496771140112e-02,4.588320339468864972e+00
2.535163018530280088e-02,4.582702082769118945e+00
2.553092452137699364e-02,4.577052219229418739e+00
2.571148688079777020e-02,4.571370627466289527e+00
2.589332623140670059e-02,4.565657186429022296e+00
2.607645160446868046e-02,4.559911775414108526e+00
2.626087209512039181e-02,4.554134274079751243e+00
2.644659686282207003e-02,4.548324562460592801e+00
2.663363513181239359e-02,4.542482520982650485e+00
2.682199619156662093e-02,4.536608030478399556e+00
2.701168939725797496e-02,4.530700972202104104e+00
2.720272417022226788e-02,4.524761227845266909e+00
2.739510999842582201e-02,4.518788679552306675e+00
2.758885643693671091e-02,4.512783209936428896e+00
2.778397310839931383e-02,4.506744702095672572e+00
2.798046970351223545e-02,4.500673039629161210e+00
2.817835598150961879e-02,4.494568106653532347e+00
2.837764177064582352e-02,4.488429787819589123e+00
2.857833696868360487e-02,4.482257968329086850e+00
2.878045154338559897e-02,4.476052533951809131e+00
2.898399553300954820e-02,4.469813371042743455e+00
2.918897904680665956e-02,4.463540366559515249e+00
2.939541226552391112e-02,4.457233408079976478e+00
2.960330544190947072e-02,4.450892383820064246e+00
2.981266890122208357e-02,4.444517182651741116e+00
3.002351304174380453e-02,4.438107694121273816e+00
3.023584833529646340e-02,4.431663808467583010e+00
3.044968532776174894e-02,4.425185416640871061e+00
3.066503463960499817e-02,4.418672410321439870e+00
3.088190696640265992e-02,4.412124681938674797e+00
3.110031307937351219e-02,4.405542124690276395e+00
3.132026382591362318e-02,4.398924632561669767e+00
3.154177013013510084e-02,4.392272100345584462e+00
3.176484299340867623e-02,4.385584423661927467e+00
3.198949349490998878e-02,4.378861498977747679e+00
3.221573279217006952e-02,4.372103223627470392e+00
3.244357212162921750e-02,4.365309495833347597e+00
3.267302279919534480e-02,4.358480214726053070e+00
3.290409622080571472e-02,4.351615280365508376e+00
3.313680386299322489e-02,4.344714593761940691e+00
3.337115728345611820e-02,4.337778056897108492e+00
3.360716812163228734e-02,4.330805572745709320e+00
3.384484809927709725e-02,4.323797045297069097e+00
3.408420902104575267e-02,4.316752379576942467e+00
3.432526277507950974e-02,4.309671481669588466e+00
3.456802133359612728e-02,4.302554258739974991e+00
3.481249675348448147e-02,4.295400619056285230e+00
3.505870117690337157e-02,4.288210472012519148e+00
3.530664683188459996e-02,4.280983728151366741e+00
3.555634603294027807e-02,4.273720299187250049e+00
3.580781118167446209e-02,4.266420098029573893e+00
3.606105476739899368e-02,4.259083038806184440e+00
3.631608936775400365e-02,4.251709036886985871e+00
3.657292764933233603e-02,4.244298008907836817e+00
3.683158236830890581e-02,4.236849872794540950e+00
3.709206637107399090e-02,4.229364547787114681e+00
3.735439259487154801e-02,4.221841954464211177e+00
3.761857406844143492e-02,4.214282014767742446e+00
3.788462391266684409e-02,4.206684652027719018e+00
3.815255534122564268e-02,4.199049790987205100e+00
3.842238166124687521e-02,4.191377357827613892e+00
3.869411627397156828e-02,4.183667280193996696e+00
3.896777267541835788e-02,4.175919487220681958e+00
3.924336445705377263e-02,4.168133909557042216e+00
3.952090530646725636e-02,4.160310479393412031e+00
3.980040900805101312e-02,4.152449130487211093e+00
4.008188944368458462e-02,4.144549798189335554e+00
4.036536059342434729e-02,4.136612419470548474e+00
4.065083653619782494e-02,4.128636932948236193e+00
4.093833145050296274e-02,4.120623278913188692e+00
4.122785961511220981e-02,4.112571399356679258e+00
4.151943540978193792e-02,4.104481237997606335e+00
4.181307331596628013e-02,4.096352740309915141e+00
4.210878791753674966e-02,4.088185853550050375e+00
4.240659390150620239e-02,4.079980526784733996e+00
4.270650605875861427e-02,4.071736710918753666e+00
4.300853928478336891e-02,4.063454358723038951e+00
4.331270858041539468e-02,4.055133424862771285e+00
4.361902905257986768e-02,4.046773865925786140e+00
4.392751591504276409e-02,4.038375640451001836e+00
4.423818448916636004e-02,4.029938708957065074e+00
4.455105020467018534e-02,4.021463033971129697e+00
4.486612860039740358e-02,4.012948580057771331e+00
4.518343532508652116e-02,4.004395313848050364e+00
4.550298613814861975e-02,3.995803204068703707e+00
4.582479691045007048e-02,3.987172221571459119e+00
4.614888362510079917e-02,3.978502339362518736e+00
4.647526237824797790e-02,3.969793532632100774e+00
4.680394937987573944e-02,3.961045778784187288e+00
4.713496095460989466e-02,3.952259057466295911e+00
4.746831354252908225e-02,3.943433350599444775e+00
4.780402369998094231e-02,3.934568642408191597e+00
4.814210810040474992e-02,3.925664919450774892e+00
4.848258353515916275e-02,3.916722170649361345e+00
4.882546691435655367e-02,3.907740387320399744e+00
4.917077526770251283e-02,3.898719563205053085e+00
4.951852574534191392e-02,3.889659694499716380e+00
4.986873561871059402e-02,3.880560779886625511e+00
5.022142228139315351e-02,3.871422820564564216e+00
5.057660324998683454e-02,3.862245820279578634e+00
5.093429616497152645e-02,3.853029785355842396e+00
5.129451879158587746e-02,3.843774724726506609e+00
5.165728902070963746e-02,3.834480649964656873e+00
5.202262486975225975e-02,3.825147575314305382e+00
5.239054448354760196e-02,3.815775517721427423e+00
5.276106613525543415e-02,3.806364496865037861e+00
5.313420822726856035e-02,3.796914535188282702e+00
5.350998929212727462e-02,3.787425657929590184e+00
5.388842799343931261e-02,3.777897893153847164e+00
5.426954312680727643e-02,3.768331271783518677e+00
5.465335362076168685e-02,3.758725827629862071e+00
5.503987853770153649e-02,3.749081597424098078e+00
5.542913707484062313e-02,3.739398620848605415e+00
5.582114856516131457e-02,3.729676940568019905e+00
5.621593247837461393e-02,3.719916602260454841e+00
5.661350842188714316e-02,3.710117654648557917e+00
5.701389614177500287e-02,3.700280149530609464e+00
5.741711552376446703e-02,3.690404141811569616e+00
5.782318659421962354e-02,3.680489689534053088e+00
5.823212952113703683e-02,3.670536853909273756e+00
5.864396461514737036e-02,3.660545699347885762e+00
5.905871233052416985e-02,3.650516293490813524e+00
5.947639326619979377e-02,3.640448707239936077e+00
5.989702816678827563e-02,3.630343014788721234e+00
6.032063792361602034e-02,3.620199293652739847e+00
6.074724357575890521e-02,3.610017624700089911e+00
6.117686631108772838e-02,3.599798092181695441e+00
6.160952746731999941e-02,3.589540783761480114e+00
6.204524853308023002e-02,3.579245790546416117e+00
6.248405114896668500e-02,3.568913207116410025e+00
6.292595710862668168e-02,3.558543131554074535e+00
6.337098835983850931e-02,3.548135665474280387e+00
6.381916700560190392e-02,3.537690914053600366e+00
6.427051530523558709e-02,3.527208986059514828e+00
6.472505567548285377e-02,3.516689993879477338e+00
6.518281069162494556e-02,3.506134053549736507e+00
6.564380308860226498e-02,3.495541284783968194e+00
6.610805576214355550e-02,3.484911811001679460e+00
6.657559176990297811e-02,3.474245759356385133e+00
6.704643433260544516e-02,3.463543260763525922e+00
6.752060683519958695e-02,3.452804449928171593e+00
6.799813282801971115e-02,3.442029465372394181e+00
6.847903602795485378e-02,3.431218449462418718e+00
6.896334031962729483e-02,3.420371548435476861e+00
6.945106975657823478e-02,3.409488912426343443e+00
6.994224856246301913e-02,3.398570695493586591e+00
7.043690113225370419e-02,3.387617055645450570e+00
7.093505203345112919e-02,3.376628154865487286e+00
7.143672600730469058e-02,3.365604159137751239e+00
7.194194797004142827e-02,3.354545238471688062e+00
7.245074301410338313e-02,3.343451566926658458e+00
7.296313640939389167e-02,3.332323322636048690e+00
7.347915360453260991e-02,3.321160687831004932e+00
7.399882022811947457e-02,3.309963848863759939e+00
7.452216209000757374e-02,3.298732996230532066e+00
7.504920518258503814e-02,3.287468324594020164e+00
7.557997568206598071e-02,3.276170032805398424e+00
7.611449994979041511e-02,3.264838323925909336e+00
7.665280453353393031e-02,3.253473405247949479e+00
7.719491616882562246e-02,3.242075488315691700e+00
7.774086178027660166e-02,3.230644788945181922e+00
7.829066848291661718e-02,3.219181527243980323e+00
7.884436358354129926e-02,3.207685927630184342e+00
7.940197458206788017e-02,3.196158218851026689e+00
7.996352917290153184e-02,3.184598634000815665e+00
8.052905524631030765e-02,3.173007410538389639e+00
8.109858088981077018e-02,3.161384790303946701e+00
8.167213438956276439e-02,3.149731019535285892e+00
8.224974423177437710e-02,3.138046348883468450e+00
8.283143910411668032e-02,3.126331033427812489e+00
8.341724789714859145e-02,3.114585332690293473e+00
8.400719970575169782e-02,3.102809510649273239e+00
8.460132383057535066e-02,3.091003835752551776e+00
8.519964977949186224e-02,3.079168580929791066e+00
8.580220726906208351e-02,3.067304023604170649e+00
8.640902622601134841e-02,3.055410445703403255e+00
8.702013678871559077e-02,3.043488133670006146e+00
8.763556930869868811e-02,3.031537378470783306e+00
8.825535435213924251e-02,3.019558475605673920e+00
8.887952270138943511e-02,3.007551725115704677e+00
8.950810535650306765e-02,2.995517431590258628e+00
9.014113353677602469e-02,2.983455904173495377e+00
9.077863868229606170e-02,2.971367456569990129e+00
9.142065245550498598e-02,2.959252407049528522e+00
9.206720674277062144e-02,2.947111078451076782e+00
9.271833365597090260e-02,2.934943798185896568e+00
9.337406553408859888e-02,2.922750898239783623e+00
9.403443494481743270e-02,2.910532715174447560e+00
9.469947468617964659e-02,2.898289590127955062e+00
9.536921778815490858e-02,2.886021868814296454e+00
9.604369751432086100e-02,2.873729901522033892e+00
9.672294736350511846e-02,2.861414043111953909e+00
9.740700107144910358e-02,2.849074653013841996e+00
9.809589261248334580e-02,2.836712095222228669e+00
9.878965620121538116e-02,2.824326738291178085e+00
9.948832629422829643e-02,2.811918955328109870e+00
1.001919375917929012e-01,2.799489123986517836e+00
1.009005250395903497e-01,2.787037626457798289e+00
1.016141238304483774e-01,2.774564849461906846e+00
1.023327694060888887e-01,2.762071184237079979e+00
1.030564974588882854e-01,2.749557026528383741e+00
1.037853439336501454e-01,2.737022776575309013e+00
1.045193450293905035e-01,2.724468839098135309e+00
1.052585372011357184e-01,2.711895623283310908e+00
1.060029571617329830e-01,2.699303542767650832e+00
1.067526418836738100e-01,2.686693015621417935e+00
1.075076286009302301e-01,2.674064464330275115e+00
1.082679548108041317e-01,2.661418315776068688e+00
1.090336582757895356e-01,2.648755001216459792e+00
1.098047770254481914e-01,2.636074956263359415e+00
1.105813493582983031e-01,2.623378620860186139e+00
1.113634138437166743e-01,2.610666439257928850e+00
1.121510093238543421e-01,2.597938859989983751e+00
1.129441749155656732e-01,2.585196335845774573e+00
1.137429500123512127e-01,2.572439323843134673e+00
1.145473742863140354e-01,2.559668285199467430e+00
1.153574876901303503e-01,2.546883685301601474e+00
1.161733304590336635e-01,2.534085993674447312e+00
1.169949431128130962e-01,2.521275683948346558e+00
1.178223664578259139e-01,2.508453233825115980e+00
1.186556415890241550e-01,2.495619125042845443e+00
1.194948098919957069e-01,2.482773843339383113e+00
1.203399130450197446e-01,2.469917878414499057e+00
1.211909930211367420e-01,2.457051723890736561e+00
1.220480920902330957e-01,2.444175877272950714e+00
1.229112528211405708e-01,2.431290839906522283e+00
1.237805180837504154e-01,2.418397116934213109e+00
1.246559310511426849e-01,2.405495217251704787e+00
1.255375352017303325e-01,2.392585653461770434e+00
1.264253743214187875e-01,2.379668941827092432e+00
1.273194925057804794e-01,2.366745602221758116e+00
1.282199341622450028e-01,2.353816158081329490e+00
1.291267440123044785e-01,2.340881136351612213e+00
1.300399670937350260e-01,2.327941067436010592e+00
1.309596487628333639e-01,2.314996485141523230e+00
1.318858346966695072e-01,2.302047926623371321e+00
1.328185708953554534e-01,2.289095932328237826e+00
1.337579036843298264e-01,2.276141045936143303e+00
1.347038797166586199e-01,2.263183814300917529e+00
1.356565459753522884e-01,2.250224787389314862e+00
1.366159497756992691e-01,2.237264518218744946e+00
1.375821387676158802e-01,2.224303562793615185e+00
1.385551609380130111e-01,2.211342480040309866e+00
1.395350646131793271e-01,2.198381831740769954e+00
1.405218984611815436e-01,2.185422182464730856e+00
1.415157114942815209e-01,2.172464099500576395e+00
1.425165530713705109e-01,2.159508152784812562e+00
1.435244729004207798e-01,2.146554914830198335e+00
1.445395210409541331e-01,2.133604960652525584e+00
1.455617479065285380e-01,2.120658867696009864e+00
1.465912042672414539e-01,2.107717215757395568e+00
1.476279412522520096e-01,2.094780586908661757e+00
1.486720103523199443e-01,2.081849565418445458e+00
1.497234634223631455e-01,2.068924737672118930e+00
1.507823526840330053e-01,2.056006692090552423e+00
1.518487307283081789e-01,2.043096019047593970e+00
1.529226505181064122e-01,2.030193310786236882e+00
1.540041653909151320e-01,2.017299161333508728e+00
1.550933290614404936e-01,2.004414166414094645e+00
1.561901956242751632e-01,1.991538923362721425e+00
1.572948195565850305e-01,1.978674031035248415e+00
1.584072557208147936e-01,1.965820089718585351e+00
1.595275593674128634e-01,1.952977701039354308e+00
1.606557861375753626e-01,1.940147467871379261e+00
1.617919920660097211e-01,1.927329994241972155e+00
1.629362335837175324e-01,1.914525885237064351e+00
1.640885675207974514e-01,1.901735746905182767e+00
1.652490511092676861e-01,1.888960186160308696e+00
1.664177419859082518e-01,1.876199810683607305e+00
1.675946981951239312e-01,1.863455228824087095e+00
1.687799781918269126e-01,1.850727049498178456e+00
1.699736408443401348e-01,1.838015882088249509e+00
1.711757454373208642e-01,1.825322336340145624e+00
1.723863516747053126e-01,1.812647022259668228e+00
1.736055196826738478e-01,1.799990550008108370e+00
1.748333100126372164e-01,1.787353529796831264e+00
1.760697836442439157e-01,1.774736571780908934e+00
1.773150019884087991e-01,1.762140285951875107e+00
1.785690268903631917e-01,1.749565282029599045e+00
1.798319206327263775e-01,1.737012169353300273e+00
1.811037459385990422e-01,1.724481556771764623e+00
1.823845659746785031e-01,1.711974052532760693e+00
1.836744443543958660e-01,1.699490264171705789e+00
1.849734451410754987e-01,1.687030798399598686e+00
1.862816328511169850e-01,1.674596260990264041e+00
1.875990724571989232e-01,1.662187256666924906e+00
1.889258293915064280e-01,1.649804388988150627e+00
1.902619695489806417e-01,1.637448260233217656e+00
1.916075592905914782e-01,1.625119471286903039e+00
1.929626654466335411e-01,1.612818621523742557e+00
1.943273553200453030e-01,1.600546308691811692e+00
1.957016966897518750e-01,1.588303128796064501e+00
1.970857578140312316e-01,1.576089675981233285e+00
1.984796074339043592e-01,1.563906542414368772e+00
1.998833147765493590e-01,1.551754318167032354e+00
2.012969495587398072e-01,1.539633591097213872e+00
2.027205819903070694e-01,1.527544946730947872e+00
2.041542827776276492e-01,1.515488968143765769e+00
2.055981231271346577e-01,1.503466235841925069e+00
2.070521747488545394e-01,1.491477327643537354e+00
2.085165098599685296e-01,1.479522818559593444e+00
2.099912011883994234e-01,1.467603280674938615e+00
2.114763219764238811e-01,1.455719283029236921e+00
2.129719459843095464e-01,1.443871391498015466e+00
2.144781474939791432e-01,1.432060168673725986e+00
2.159950013126993307e-01,1.420286173747001390e+00
2.175225827767962028e-01,1.408549962388052412e+00
2.190609677553969625e-01,1.396852086628295408e+00
2.206102326541981018e-01,1.385193094742245723e+00
2.221704544192600328e-01,1.373573531129743452e+00
2.237417105408288365e-01,1.361993936198513167e+00
2.253240790571848784e-01,1.350454846247165497e+00
2.269176385585186528e-01,1.338956793348633711e+00
2.285224681908340771e-01,1.327500305234134537e+00
2.301386476598793196e-01,1.316085905177673654e+00
2.317662572351055494e-01,1.304714111881162264e+00
2.334053777536536090e-01,1.293385439360193789e+00
2.350560906243687465e-01,1.282100396830510469e+00
2.367184778318441318e-01,1.270859488595232234e+00
2.383926219404925162e-01,1.259663213932893155e+00
2.400786060986470349e-01,1.248512066986320557e+00
2.417765140426904880e-01,1.237406536652419842e+00
2.434864301012148458e-01,1.226347106472923887e+00
2.452084391992090384e-01,1.215334254526126534e+00
2.469426268622770260e-01,1.204368453319681231e+00
2.486890792208855117e-01,1.193450169684507900e+00
2.504478830146416590e-01,1.182579864669827785e+00
2.522191255966012569e-01,1.171757993439439982e+00
2.540028949376070266e-01,1.160985005169211437e+00
2.557992796306578498e-01,1.150261342945895882e+00
2.576083688953090811e-01,1.139587443667288147e+00
2.594302525821032823e-01,1.128963737943793566e+00
2.612650211770332076e-01,1.118390650001424680e+00
2.631127658060356533e-01,1.107868597586322279e+00
2.649735782395173378e-01,1.097397991870802558e+00
2.668475508969128662e-01,1.086979237361000550e+00
2.687347768512748369e-01,1.076612731806170453e+00
2.706353498338964769e-01,1.066298866109642196e+00
2.725493642389665849e-01,1.056038024241553241e+00
2.744769151282581698e-01,1.045830583153320337e+00
2.764180982358496741e-01,1.035676912693967777e+00
2.783730099728796148e-01,1.025577375528307966e+00
2.803417474323349756e-01,1.015532327057041329e+00
2.823244083938735716e-01,1.005542115338819320e+00
2.843210913286801644e-01,9.956070810142979566e-01
2.863318954043574394e-01,9.857275572322469204e-01
2.883569204898509541e-01,9.759038695777297878e-01
2.903962671604095047e-01,9.661363360024179947e-01
2.924500367025803516e-01,9.564252667570634081e-01
2.945183311192393627e-01,9.467709643261812413e-01
2.966012531346575165e-01,9.371737233649573007e-01
2.986989061996026540e-01,9.276338306384552812e-01
3.008113944964773689e-01,9.181515649631238896e-01
3.029388229444936464e-01,9.087271971506467594e-01
3.050812972048835281e-01,8.993609899541923358e-01
3.072389236861471362e-01,8.900531980170603985e-01
3.094118095493369469e-01,8.808040678237883947e-01
3.116000627133811429e-01,8.716138376537295729e-01
3.138037918604426602e-01,8.624827375371325600e-01
3.160231064413173696e-01,8.534109892137656805e-01
3.182581166808700068e-01,8.443988060940912366e-01
3.205089335835086262e-01,8.354463932230399292e-01
3.227756689386978017e-01,8.265539472463843129e-01
3.250584353265106308e-01,8.177216563797512494e-01
3.273573461232204274e-01,8.089497003802866848e-01
3.296725155069314406e-01,8.002382505210097197e-01
3.320040584632497072e-01,7.915874695678384310e-01
3.343520907909940387e-01,7.829975117593486189e-01
3.367167291079471991e-01,7.744685227892531554e-01
3.390980908566479379e-01,7.660006397916195864e-01
3.414962943102238802e-01,7.575939913288484151e-01
3.439114585782656608e-01,7.492486973824225016e-01
3.463437036127426927e-01,7.409648693464193636e-01
3.487931502139609563e-01,7.327426100238293438e-01
3.512599200365618679e-01,7.245820136256470034e-01
3.537441355955653899e-01,7.164831657727736003e-01
3.562459202724545526e-01,7.084461435007110008e-01
3.587653983213029973e-01,7.004710152670664547e-01
3.613026948749465395e-01,6.925578409618581288e-01
3.638579359511981415e-01,6.847066719206265084e-01
3.664312484591062402e-01,6.769175509403364543e-01
3.690227602052583711e-01,6.691905122980862375e-01
3.716325999001285352e-01,6.615255817725975707e-01
3.742608971644698634e-01,6.539227766684944099e-01
3.769077825357523004e-01,6.463821058433441014e-01
3.795733874746459180e-01,6.389035697374696454e-01
3.822578443715502483e-01,6.314871604065045441e-01
3.849612865531692463e-01,6.241328615566826832e-01
3.876838482891335480e-01,6.168406485828449304e-01
3.904256647986686923e-01,6.096104886091507913e-01
3.931868722573115260e-01,6.024423405324631497e-01
3.959676078036724056e-01,5.953361550684016512e-01
3.987680095462478591e-01,5.882918748000239839e-01
4.015882165702788220e-01,5.813094342291283967e-01
4.044283689446588892e-01,5.743887598301381514e-01
4.072886077288907503e-01,5.675297701065507017e-01
4.101690749800923075e-01,5.607323756499080769e-01
4.130699137600521431e-01,5.539964792012826988e-01
4.159912681423345582e-01,5.473219757152145704e-01
4.189332832194354039e-01,5.407087524260969502e-01
4.218961051099882620e-01,5.341566889169515608e-01
4.248798809660214726e-01,5.276656571905731230e-01
4.278847589802665663e-01,5.212355217429952559e-01
4.309108883935188206e-01,5.148661396392413270e-01
4.339584195020489421e-01,5.085573605913222828e-01
4.370275036650680955e-01,5.023090270384354961e-01
4.401182933122451679e-01,4.961209742293202773e-01
4.432309419512773796e-01,4.899930303067301374e-01
4.463656041755147408e-01,4.839250163939696203e-01
4.495224356716371328e-01,4.779167466834553513e-01
4.527015932273878995e-01,4.719680285272417342e-01
4.559032347393603413e-01,4.660786625294752739e-01
4.591275192208397193e-01,4.602484426407164597e-01
4.623746068097009942e-01,4.544771562540776411e-01
4.656446587763621858e-01,4.487645843031334847e-01
4.689378375317941883e-01,4.431105013615344590e-01
4.722543066355869290e-01,4.375146757442847645e-01
4.755942308040729261e-01,4.319768696106117689e-01
4.789577759185079109e-01,4.264968390683893107e-01
4.823451090333097935e-01,4.210743342800365441e-01
4.857563983843552480e-01,4.157090995698518032e-01
4.891918133973358063e-01,4.104008735327089319e-01
4.926515246961721273e-01,4.051493891440664519e-01
4.961357041114884958e-01,3.999543738712187380e-01
4.996445246891469405e-01,3.948155497857381846e-01
5.031781606988416922e-01,3.897326336770388089e-01
5.067367876427550932e-01,3.847053371670019484e-01
5.103205822642723488e-01,3.797333668256055450e-01
5.139297225567620586e-01,3.748164242874810759e-01
5.175643877724148689e-01,3.699542063693527782e-01
5.212247584311469062e-01,3.651464051882790662e-01
5.249110163295651610e-01,3.603927082806423488e-01
5.286233445499967099e-01,3.556927987218190257e-01
5.323619274695821080e-01,3.510463552464642700e-01
5.361269507694319536e-01,3.464530523693510888e-01
5.399186014438497327e-01,3.419125605066959395e-01
5.437370678096185017e-01,3.374245460979068967e-01
5.475825395153544051e-01,3.329886717276910324e-01
5.514552075509251416e-01,3.286045962484582805e-01
5.553552642569362652e-01,3.242719749029507881e-01
5.592829033342839873e-01,3.199904594470437402e-01
5.632383198537749269e-01,3.157596982726474932e-01
5.672217102658154708e-01,3.115793365306477325e-01
5.712332724101683024e-01,3.074490162538262572e-01
5.752732055257772092e-01,3.033683764796923921e-01
5.793417102606648328e-01,2.993370533731693484e-01
5.834389886818962534e-01,2.953546803490711414e-01
5.875652442856156288e-01,2.914208881943089469e-01
5.917206820071527762e-01,2.875353051897698853e-01
5.959055082312018081e-01,2.836975572318027328e-01
6.001199308020712664e-01,2.799072679532586538e-01
6.043641590340068648e-01,2.761640588440240629e-01
6.086384037215878395e-01,2.724675493709901031e-01
6.129428771501955753e-01,2.688173570974010662e-01
6.172777931065576151e-01,2.652130978015296292e-01
6.216433668893651676e-01,2.616543855946196206e-01
6.260398153199665527e-01,2.581408330380456362e-01
6.304673567531356992e-01,2.546720512596370445e-01
6.349262110879171361e-01,2.512476500691121495e-01
6.394165997785471456e-01,2.478672380725765734e-01
6.439387458454530755e-01,2.445304227860302104e-01
6.484928738863298125e-01,2.412368107478407298e-01
6.530792100872936379e-01,2.379860076301341387e-01
6.576979822341180171e-01,2.347776183490519475e-01
6.623494197235451075e-01,2.316112471738400735e-01
6.670337535746800883e-01,2.284864978347170006e-01
6.717512164404640940e-01,2.254029736294839159e-01
6.765020426192301928e-01,2.223602775288345268e-01
6.812864680663391903e-01,2.193580122803254762e-01
6.861047304058990326e-01,2.163957805109693600e-01
6.909570689425669210e-01,2.134731848284127653e-01
6.958437246734341386e-01,2.105898279206659118e-01
7.007649402999958088e-01,2.077453126543470086e-01
7.057209602402049198e-01,2.049392421714119061e-01
7.107120306406113919e-01,2.021712199843363755e-01
7.157383993885877427e-01,1.994408500697204545e-01
7.208003161246399060e-01,1.967477369602900483e-01
7.258980322548068687e-01,1.940914858352638384e-01
7.310318009631461278e-01,1.914717026090662355e-01
7.362018772243095199e-01,1.888879940183569583e-01
7.414085178162047596e-01,1.863399677073603045e-01
7.466519813327513466e-01,1.838272323114670259e-01
7.519325281967220720e-01,1.813493975390962631e-01
7.572504206726776710e-01,1.789060742517947777e-01
7.626059228799925149e-01,1.764968745425580521e-01
7.679993008059726733e-01,1.741214118123600441e-01
7.734308223190661247e-01,1.717793008448764980e-01
7.789007571821667808e-01,1.694701578793894325e-01
7.844093770660128806e-01,1.671936006818642018e-01
7.899569555626795303e-01,1.649492486141874714e-01
7.955437681991671672e-01,1.627367227015602547e-01
8.011700924510857247e-01,1.605556456980383739e-01
8.068362077564360524e-01,1.584056421502167689e-01
8.125423955294883704e-01,1.562863384590522098e-01
8.182889391747590890e-01,1.541973629398236401e-01
8.240761241010862159e-01,1.521383458802293420e-01
8.299042377358052391e-01,1.501089195966192058e-01
8.357735695390229314e-01,1.481087184883672081e-01
8.416844110179957372e-01,1.461373790903836845e-01
8.476370557416067486e-01,1.441945401237739177e-01
8.536317993549460414e-01,1.422798425446478721e-01
8.596689395939948186e-01,1.403929295910873176e-01
8.657487763004120263e-01,1.385334468282780618e-01
8.718716114364273295e-01,1.367010421918177510e-01
8.780377490998374501e-01,1.348953660292068202e-01
8.842474955391103064e-01,1.331160711395369123e-01
8.905011591685945138e-01,1.313628128113857318e-01
8.967990505838379089e-01,1.296352488589344321e-01
9.031414825770128774e-01,1.279330396563201910e-01
9.095287701524522594e-01,1.262558481702393820e-01
9.159612305422938361e-01,1.246033399908189343e-01
9.224391832222362808e-01,1.229751833607706929e-01
9.289629499274063562e-01,1.213710492028495652e-01
9.355328546683381319e-01,1.197906111456311512e-01
9.421492237470657782e-01,1.182335455476321573e-01
9.488123857733281596e-01,1.166995315197906780e-01
9.555226716808922216e-01,1.151882509463294374e-01
9.622804147439870670e-01,1.136993885040235297e-01
9.690859505938573815e-01,1.122326316798962637e-01
9.759396172354327659e-01,1.107876707873631933e-01
9.828417550641149747e-01,1.093641989808528947e-01
9.897927068826842811e-01,1.079619122689247229e-01
9.967928179183249693e-01,1.065805095259108465e-01
1.003842435839772174e+00,1.052196925021082752e-01
1.010941910774576735e+00,1.038791658325455142e-01
1.018091595326499954e+00,1.025586370443506562e-01
1.025291844593018586e+00,1.012578165627498472e-01
1.032543016182969842e+00,9.997641771571996738e-02
1.039845470234303182e+00,9.871415673732722440e-02
1.047199569431976229e+00,9.747075276977437697e-02
1.054605679025959475e+00,9.624592786419207402e-02
1.062064166849384650e+00,9.503940698019489042e-02
1.069575403336805675e+00,9.385091798423815523e-02
1.077139761542605045e+00,9.268019164679859589e-02
1.084757617159513465e+00,9.152696163841338162e-02
1.092429348537277800e+00,9.039096452460128328e-02
1.100155336701443387e+00,8.927193975970167117e-02
1.107935965372287113e+00,8.816962967965512321e-02
1.115771620983866175e+00,8.708377949376015781e-02
1.123662692703219834e+00,8.601413727543202881e-02
1.131609572449690182e+00,8.496045395199640360e-02
1.139612654914390566e+00,8.392248329354609626e-02
1.147672337579811908e+00,8.289998190089026275e-02
1.155789020739555140e+00,8.189270919262844894e-02
1.163963107518223294e+00,8.090042739137492944e-02
1.172195003891432386e+00,7.992290150916864233e-02
1.180485118705984604e+00,7.895989933209184020e-02
1.188833863700164750e+00,7.801119140413342867e-02
1.197241653524198979e+00,7.707655101032075129e-02
1.205708905760839666e+00,7.615575415915358526e-02
1.214236040946114148e+00,7.524857956436561968e-02
1.222823482590202016e+00,7.435480862604623709e-02
1.231471657198479397e+00,7.347422541114696781e-02
1.240180994292690686e+00,7.260661663340628458e-02
1.248951926432292581e+00,7.175177163271563574e-02
1.257784889235926462e+00,7.090948235396056509e-02
1.266680321403064857e+00,7.007954332535909492e-02
1.275638664735789352e+00,6.926175163633120635e-02
1.284660364160743917e+00,6.845590691492121904e-02
1.293745867751222800e+00,6.766181130480501682e-02
1.302895626749429603e+00,6.687926944190657197e-02
1.312110095588891800e+00,6.610808843065069107e-02
1.321389731917021804e+00,6.534807781988115349e-02
1.330734996617857435e+00,6.459904957846659967e-02
1.340146353834941406e+00,6.386081807062454763e-02
1.349624270994383757e+00,6.313320003098571442e-02
1.359169218828067294e+00,6.241601453942770966e-02
1.368781671397037325e+00,6.170908299570057598e-02
1.378462106115035501e+00,6.101222909387184895e-02
1.388211003772222174e+00,6.032527879661415265e-02
1.398028848559044635e+00,5.964806030936214976e-02
1.407916128090296093e+00,5.898040405436106443e-02
1.417873333429321425e+00,5.832214264463404102e-02
1.427900959112419654e+00,5.767311085788925928e-02
1.437999503173392091e+00,5.703314561039397879e-02
1.448169467168291424e+00,5.640208593083632233e-02
1.458411356200319808e+00,5.577977293420150612e-02
1.468725678944921231e+00,5.516604979568350692e-02
1.479112947675050194e+00,5.456076172465613994e-02
1.489573678286602032e+00,5.396375593872781290e-02
1.500108390324049523e+00,5.337488163790155005e-02
1.510717607006233365e+00,5.279398997886464856e-02
1.521401855252361823e+00,5.222093404942834693e-02
1.532161665708166476e+00,5.165556884314440739e-02
1.542997572772272008e+00,5.109775123411607056e-02
1.553910114622723659e+00,5.054733995203082586e-02
1.564899833243730276e+00,5.000419555743326055e-02
1.575967274452568567e+00,4.946818041726507020e-02
1.587112987926705410e+00,4.893915868068896696e-02
1.598337527231085797e+00,4.841699625522492140e-02
1.609641449845637728e+00,4.790156078321596705e-02
1.621025317192948956e+00,4.739272161864986621e-02
1.632489694666161784e+00,4.689034980435597549e-02
1.644035151657044169e+00,4.639431804960229833e-02
1.655662261584273542e+00,4.590450070811310374e-02
1.667371601921921132e+00,4.542077375653049559e-02
1.679163754228121253e+00,4.494301477334317757e-02
1.691039304173968860e+00,4.447110291830291134e-02
1.702998841572593847e+00,4.400491891235345371e-02
1.715042960408467820e+00,4.354434501809307384e-02
1.727172258866892740e+00,4.308926502079448578e-02
1.739387339363723139e+00,4.263956421000322100e-02
1.751688808575271983e+00,4.219512936173975409e-02
1.764077277468456328e+00,4.175584872132533099e-02
1.776553361331127956e+00,4.132161198685700004e-02
1.789117679802645577e+00,4.089231029335244766e-02
1.801770856904636453e+00,4.046783619758902162e-02
1.814513521072003366e+00,4.004808366365902178e-02
1.827346305184121444e+00,3.963294804926453113e-02
1.840269846596286785e+00,3.922232609277364473e-02
1.853284787171355585e+00,3.881611590106216064e-02
1.866391773311638191e+00,3.841421693816175764e-02
1.879591455990990756e+00,3.801653001473833532e-02
1.892884490787151375e+00,3.762295727842145110e-02
1.906271537914306924e+00,3.723340220500800241e-02
1.919753262255868842e+00,3.684776959056090817e-02
1.933330333397511813e+00,3.646596554442449456e-02
1.947003425660413400e+00,3.608789748317758200e-02
1.960773218134760354e+00,3.571347412554382039e-02
1.974640394713461644e+00,3.534260548828094262e-02
1.988605644126129945e+00,3.497520288306586733e-02
2.002669659973272065e+00,3.461117891439632194e-02
2.016833140760753817e+00,3.425044747852516724e-02
2.031096789934477176e+00,3.389292376344501395e-02
2.045461315915330758e+00,3.353852424993913200e-02
2.059927432134361691e+00,3.318716671371243349e-02
2.074495857068223259e+00,3.283877022861727418e-02
2.089167314274842369e+00,3.249325517098508587e-02
2.103942532429374346e+00,3.215054322507484436e-02
2.118822245360376222e+00,3.181055738964791435e-02
2.133807192086262017e+00,3.147322198567559237e-02
2.148898116852011153e+00,3.113846266518474626e-02
2.164095769166118455e+00,3.080620642124556538e-02
2.179400903837836800e+00,3.047638159910095318e-02
2.194814281014648039e+00,3.014891790843743716e-02
2.210336666220032775e+00,2.982374643679164272e-02
2.225968830391475528e+00,2.950079966408742163e-02
2.241711549918771418e+00,2.918001147829138095e-02
2.257565606682566450e+00,2.886131719217525926e-02
2.273531788093211770e+00,2.854465356116746982e-02
2.289610887129851502e+00,2.822995880227367402e-02
2.305803702379824571e+00,2.791717261404218567e-02
2.322111038078310319e+00,2.760623619754689478e-02
2.338533704148290759e+00,2.729709227835242294e-02
2.355072516240755753e+00,2.698968512942863385e-02
2.371728295775233697e+00,2.668396059496845260e-02
2.388501869980571790e+00,2.637986611506571571e-02
2.405394071936026279e+00,2.607735075119938309e-02
2.422405740612648462e+00,2.577636521246710194e-02
2.439537720914934926e+00,2.547686188250673084e-02
2.456790863722809526e+00,2.517879484703587634e-02
2.474166025933864699e+00,2.488211992193635133e-02
2.491664070505939854e+00,2.458679468180274830e-02
2.509285866499961326e+00,2.429277848886852997e-02
2.527032289123124720e+00,2.400003252221723921e-02
2.544904219772343712e+00,2.370851980717982033e-02
2.562902546078045241e+00,2.341820524481112720e-02
2.581028161948235589e+00,2.312905564133502581e-02
2.599281967612915967e+00,2.284103973743765309e-02
2.617664869668775207e+00,2.255412823728508709e-02
2.636177781124234620e+00,2.226829383713154267e-02
2.654821621444776181e+00,2.198351125338130624e-02
2.673597316598627316e+00,2.169975724995882455e-02
2.692505799102730357e+00,2.141701066483621060e-02
2.711548008069078364e+00,2.113525243556092781e-02
2.730724889251336940e+00,2.085446562362223630e-02
2.750037395091826209e+00,2.057463543748629456e-02
2.769486484768832746e+00,2.029574925412907724e-02
2.789073124244227930e+00,2.001779663888830080e-02
2.808798286311467329e+00,1.974076936345226310e-02
2.828662950643881846e+00,1.946466142180166420e-02
2.848668103843357446e+00,1.918946904391449423e-02
2.868814739489313315e+00,1.891519070704445957e-02
2.889103858188073026e+00,1.864182714438063909e-02
2.909536467622535483e+00,1.836938135089471319e-02
2.930113582602247302e+00,1.809785858618387366e-02
2.950836225113781186e+00,1.782726637411723852e-02
2.971705424371517523e+00,1.755761449909561123e-02
2.992722216868737295e+00,1.728891499873879203e-02
3.013887646429125766e+00,1.702118215281663016e-02
3.035202764258589259e+00,1.675443246824846744e-02
3.056668628997491144e+00,1.648868465999806313e-02
3.078286306773207581e+00,1.622395962770353459e-02
3.100056871253086044e+00,1.596028042788740983e-02
3.121981403697783541e+00,1.569767224160287244e-02
3.144060993014941907e+00,1.543616233738722907e-02
3.166296735813299179e+00,1.517578002940132668e-02
3.188689736457125168e+00,1.491655663065410108e-02
3.211241107121099336e+00,1.465852540122182524e-02
3.233951967845519970e+00,1.440172149139374268e-02
3.256823446591960103e+00,1.414618187969079663e-02
3.279856679299263167e+00,1.389194530572621100e-02
3.303052809939984957e+00,1.363905219789582346e-02
3.326412990577185536e+00,1.338754459591206571e-02
3.349938381421674549e+00,1.313746606821256796e-02
3.373630150889606050e+00,1.288886162430661828e-02
3.397489475660538716e+00,1.264177762214078495e-02
3.421517540735847351e+00,1.239626167059592644e-02
3.445715539497606006e+00,1.215236252725190348e-02
3.470084673767835248e+00,1.191012999158538345e-02
3.494626153868200635e+00,1.166961479379093579e-02
3.519341198680137062e+00,1.143086847944659555e-02
3.544231035705359467e+00,1.119394329026998820e-02
3.569296901126859378e+00,1.095889204123966058e-02
3.594540039870269155e+00,1.072576799438340611e-02
3.619961705665723617e+00,1.049462472956071493e-02
3.645563161110100037e+00,1.026551601259302442e-02
3.671345677729752843e+00,1.003849566111876188e-02
3.697310536043638240e+00,9.813617408573683740e-03
3.723459025626941976e+00,9.590934766719155791e-03
3.749792445175096578e+00,9.370500887158839803e-03
3.776312102568314177e+00,9.152368422304405990e-03
3.803019314936512796e+00,8.936589386264603627e-03
3.829915408724764436e+00,8.723215016145976358e-03
3.857001719759141967e+00,8.512295634264692434e-03
3.884279593313097134e+00,8.303880511775231163e-03
3.911750384174244477e+00,8.098017734229138315e-03
3.939415456711678143e+00,7.894754069576452593e-03
3.967276184943707040e+00,7.694134839124016842e-03
3.995333952606112238e+00,7.496203791958154332e-03
4.023590153220879095e+00,7.301002983333358329e-03
4.052046190165383699e+00,7.108572657517761226e-03
4.080703476742123748e+00,6.918951135570785942e-03
4.109563436248881096e+00,6.732174708513334431e-03
4.138627502049441631e+00,6.548277536327134531e-03
4.167897117644755234e+00,6.367291553200824308e-03
4.197373736744657080e+00,6.189246379409283315e-03
4.227058823340041904e+00,6.014169240186029684e-03
4.256953851775601372e+00,5.842084891916782610e-03
4.287060306823019751e+00,5.673015555946330640e-03
4.317379683754746900e+00,5.506980860255479560e-03
4.347913488418234884e+00,5.343997789226648081e-03
4.378663237310754575e+00,5.184080641675968201e-03
4.409630457654684754e+00,5.027240997289506713e-03
4.440816687473396307e+00,4.873487691557191852e-03
4.472223475667610693e+00,4.722826799258333409e-03
4.503852382092338402e+00,4.575261626505406319e-03
4.535704977634366308e+00,4.430792711313600273e-03
4.567782844290247724e+00,4.289417832618032909e-03
4.600087575244907079e+00,4.151132027620416456e-03
4.632620774950732212e+00,4.015927617305396768e-03
4.665384059207298151e+00,3.883794239927450612e-03
4.698379055241581170e+00,3.754718892231643373e-03
4.731607401788815004e+00,3.628685978136768180e-03
4.765070749173839104e+00,3.505677364574258381e-03
4.798770759393106822e+00,3.385672444148250890e-03
4.832709106197189186e+00,3.268648204251892609e-03
4.866887475173941269e+00,3.154579302251833608e-03
4.901307563832183689e+00,3.043438146330683988e-03
4.935971081686049367e+00,2.935194981558609910e-03
4.970879750339845415e+00,2.829817980751074200e-03
5.006035303573603379e+00,2.727273339657837557e-03
5.041439487429151711e+00,2.627525376020448198e-03
5.077094060296849953e+00,2.530536632032108404e-03
5.113000793002938416e+00,2.436267979730808407e-03
5.149161468897450966e+00,2.344678728862507021e-03
5.185577883942828592e+00,2.255726736753244782e-03
5.222251846803077413e+00,2.169368519741658209e-03
5.259185178933637239e+00,2.085559365733076053e-03
5.296379714671807903e+00,2.004253447452867404e-03
5.333837301327894131e+00,1.925403935993024633e-03
5.371559799276911740e+00,1.848963114267878488e-03
5.409549082051029245e+00,1.774882490014836195e-03
5.447807036432573469e+00,1.703112908002017223e-03
5.486335562547784761e+00,1.633604661129112482e-03
5.525136573961145992e+00,1.566307600135443149e-03
5.564211997770461160e+00,1.501171241656438496e-03
5.603563774702529088e+00,1.438144874399356881e-03
5.643193859209571173e+00,1.377177663236162216e-03
5.683104219566259552e+00,1.318218751041903272e-03
5.723296837967517980e+00,1.261217358133458893e-03
5.763773710626932001e+00,1.206122879191739387e-03
5.804536847875906957e+00,1.152884977575662417e-03
5.845588274263531225e+00,1.101453676959674366e-03
5.886930028657091363e+00,1.051779450249454772e-03
5.928564164343377740e+00,1.003813305746697592e-03
5.970492749130616339e+00,9.575068705515484956e-04
6.012717865451219446e+00,9.128124711997398586e-04
6.055241610465158963e+00,8.696832115392844629e-04
6.098066096164178163e+00,8.280730478510382611e-04
6.141193449476634925e+00,7.879368612123002985e-04
6.184625812373186093e+00,7.492305270894809291e-04
6.228365341973125524e+00,7.119109821249252831e-04
6.272414210651564126e+00,6.759362880533247107e-04
6.316774606147276927e+00,6.412656926438669788e-04
6.361448731671411672e+00,6.078596875140041510e-04
6.406438806016858223e+00,5.756800625993162106e-04
6.451747063668501703e+00,5.446899569910222368e-04
6.497375754914157753e+00,5.148539057665111772e-04
6.543327145956349788e+00,4.861378823402103195e-04
6.589603519024886502e+00,4.585093357518810067e-04
6.636207172490164119e+00,4.319372221874518900e-04
6.683140420977371043e+00,4.063920298963660848e-04
6.730405595481391501e+00,3.818457965308098574e-04
6.778005043482632885e+00,3.582721177908344064e-04
6.825941129063561874e+00,3.356461461189157863e-04
6.874216233026173128e+00,3.139445780567561906e-04
6.922832753010177420e+00,2.931456287624796086e-04
6.971793103612142772e+00,2.732289921002183639e-04
7.021099716505362132e+00,2.541757846682766281e-04
7.070755040560676719e+00,2.359684721414403660e-04
7.120761541968050778e+00,2.185907763843785866e-04
7.171121704359111781e+00,2.020275619649100130e-04
7.221838028930448239e+00,1.862647009762443664e-04
7.272913034567887181e+00,1.712889154849786414e-04
7.324349257971554117e+00,1.570875974729484849e-04
7.376149253781875359e+00,1.436486068478407137e-04
7.428315594706486280e+00,1.309600489656331226e-04
7.480850871647950484e+00,1.190100341335917328e-04
7.533757693832503044e+00,1.077864227289984948e-04
7.587038688939579778e+00,9.727656084407831363e-05
7.640696503232383918e+00,8.746701270031475271e-05
7.694733801689255692e+00,7.834329739525617241e-05
7.749153268136092620e+00,6.988963875904424187e-05
7.803957605379584272e+00,6.208873809672877525e-05
7.859149535341510173e+00,5.492158025063332020e-05
7.914731799193866379e+00,4.836728360451027767e-05
7.970707157495071193e+00,4.240300424377990203e-05
8.027078390327009316e+00,3.700390338041586086e-05
8.083848297433169350e+00,3.214318528312915820e-05
8.141019698357636614e+00,2.779221031589944893e-05
8.198595432585188192e+00,2.392068434699767449e-05
8.256578359682256618e+00,2.049692189672309934e-05
8.314971359439020659e+00,1.748817618253355104e-05
8.373777332012377173e+00,1.486102500939074824e-05
8.432999198069994762e+00,1.258179760937296012e-05
8.492639898935413711e+00,1.061702444330317088e-05
8.552702396734058965e+00,8.933889993106651338e-06
8.613189674540430829e+00,7.500667968893172404e-06
8.674104736526190962e+00,6.287119270749563316e-06
8.735450608109443849e+00,5.264835458212454135e-06
8.797230336104918891e+00,4.407514190944366943e-06
8.859446988875371076e+00,3.691157754464899306e-06
8.922103656483901801e+00,3.094190905405707496e-06
8.985203450847500051e+00,2.597499348453245083e-06
9.048749505891533929e+00,2.184394712097391512e-06
9.112744977705464322e+00,1.840515545410688747e-06
9.177193044699528457e+00,1.553676385578132427e-06
9.242096907762670455e+00,1.313678281357118308e-06
9.307459790421448886e+00,1.112094381048391797e-06
9.373284939000198435e+00,9.420434858114502837e-07
9.439575622782214737e+00,7.979630594891565099e-07
9.506335134172138268e+00,6.753913059873373215e-07
9.573566788859515952e+00,5.707657801364064635e-07
9.641273925983409043e+00,4.812437590844595251e-07
9.709459908298304853e+00,4.045474117440517781e-07
9.778128122341067652e+00,3.388347883728682195e-07
9.847281978599200514e+00,2.825959213341060872e-07
9.916924911680160548e+00,2.345719715524358064e-07
9.987060380482020605e+00,1.936944302084524644e-07
1.005769186836517193e+01,1.590409033483175967e-07
1.012882288332542657e+01,1.298039297425387238e-07
1.020045695816814479e+01,1.052695278424961664e-07
1.027259765068379416e+01,8.480262851823550509e-08
1.034524854382456027e+01,6.783711483826593507e-08
1.041841324588238393e+01,5.386876249817735340e-08
1.049209539066808539e+01,4.244988667400749192e-08
1.056629863769193101e+01,3.318491656918823579e-08
1.064102667234530664e+01,2.572642854071047883e-08
1.071628320608379603e+01,1.977138208116012431e-08
1.079207197661153650e+01,1.505743936035482296e-08
1.086839674806679490e+01,1.135932984963546425e-08
1.094526131120899137e+01,8.485265525913530227e-09
1.102266948360689192e+01,6.273433469863788858e-09
1.110062510982830020e+01,4.588600886516599431e-09
1.117913206163091111e+01,3.318868529176804747e-09
1.125819423815469555e+01,2.372605507469503747e-09
1.133781556611546826e+01,1.675593299114256880e-09
1.141799999999999926e+01,1.168400448199579727e-09
