1.000000000000000021e-02 4.412674120060876608e+08
1.006938631476027649e-02 4.410530046371028423e+08
1.013925407558815411e-02 4.408372321556041241e+08
1.020960662306046561e-02 4.406200867179639339e+08
1.028044732093309245e-02 4.404015604472126961e+08
1.035177955630176179e-02 4.401816454330702424e+08
1.042360673976401760e-02 4.399603337319840789e+08
1.049593230558227772e-02 4.397376173671558499e+08
1.056875971184803933e-02 4.395134883285933137e+08
1.064209244064724148e-02 4.392879385731455684e+08
1.071593399822671176e-02 4.390609600245538950e+08
1.079028791516184124e-02 4.388325445735006928e+08
1.086515774652538346e-02 4.386026840776658058e+08
1.094054707205742438e-02 4.383713703617810011e+08
1.101645949633656314e-02 4.381385952176938653e+08
1.109289864895222737e-02 4.379043504044343829e+08
1.116986818467823224e-02 4.376686276482776999e+08
1.124737178364751920e-02 4.374314186428231001e+08
1.132541315152811416e-02 4.371927150490681529e+08
1.140399601970032428e-02 4.369525084954882264e+08
1.148312414543511094e-02 4.367107905781240463e+08
1.156280131207376022e-02 4.364675528606669307e+08
1.164303132920876775e-02 4.362227868745539188e+08
1.172381803286598467e-02 4.359764841190633178e+08
1.180516528568804902e-02 4.357286360614185333e+08
1.188707697711903315e-02 4.354792341368882656e+08
1.196955702359043389e-02 4.352282697489027381e+08
1.205260936870842549e-02 4.349757342691652179e+08
1.213623798344240501e-02 4.347216190377687812e+08
1.222044686631488034e-02 4.344659153633243442e+08
1.230524004359261590e-02 4.342086145230849385e+08
1.239062156947916271e-02 4.339497077630800009e+08
1.247659552630869806e-02 4.336891862982546687e+08
1.256316602474120796e-02 4.334270413126080632e+08
1.265033720395903130e-02 4.331632639593449235e+08
1.273811323186478488e-02 4.328978453610271811e+08
1.282649830528060503e-02 4.326307766097269654e+08
1.291549665014883955e-02 4.323620487671954036e+08
1.300511252173409266e-02 4.320916528650267720e+08
1.309535020482666991e-02 4.318195799048318863e+08
1.318621401394748545e-02 4.315458208584171534e+08
1.327770829355429810e-02 4.312703666679679155e+08
1.336983741824946531e-02 4.309932082462370396e+08
1.346260579298910395e-02 4.307143364767404199e+08
1.355601785329368231e-02 4.304337422139571309e+08
1.365007806546013856e-02 4.301514162835360765e+08
1.374479092677537324e-02 4.298673494825074673e+08
1.384016096573131502e-02 4.295815325794985890e+08
1.393619274224142807e-02 4.292939563149605989e+08
1.403289084785872519e-02 4.290046114013978243e+08
1.413025990599533696e-02 4.287134885235998034e+08
1.422830457214352591e-02 4.284205783388884068e+08
1.432702953409830879e-02 4.281258714773618579e+08
1.442643951218158110e-02 4.278293585421515703e+08
1.452653925946781159e-02 4.275310301096814871e+08
1.462733356201129965e-02 4.272308767299365997e+08
1.472882723907502529e-02 4.269288889267358184e+08
1.483102514336104467e-02 4.266250571980136633e+08
1.493393216124252500e-02 4.263193720161066055e+08
1.503755321299738400e-02 4.260118238280468583e+08
1.514189325304352018e-02 4.257024030558648705e+08
1.524695727017573790e-02 4.253911000968961716e+08
1.535275028780422671e-02 4.250779053240948915e+08
1.545927736419477720e-02 4.247628090863608718e+08
1.556654359271062056e-02 4.244458017088623047e+08
1.567455410205595076e-02 4.241268734933766127e+08
1.578331405652117284e-02 4.238060147186354399e+08
1.589282865622978005e-02 4.234832156406723857e+08
1.600310313738700918e-02 4.231584664931858778e+08
1.611414277253019750e-02 4.228317574879043102e+08
1.622595287078087284e-02 4.225030788149582148e+08
1.633853877809861299e-02 4.221724206432687044e+08
1.645190587753662601e-02 4.218397731209326386e+08
1.656605958949914498e-02 4.215051263756219745e+08
1.668100537200059227e-02 4.211684705149923563e+08
1.679674872092653051e-02 4.208297956270948052e+08
1.691329517029648011e-02 4.204890917808022499e+08
1.703065029252844378e-02 4.201463490262364149e+08
1.714881969870540174e-02 4.198015573952124119e+08
1.726780903884355886e-02 4.194547069016839266e+08
1.738762400216250364e-02 4.191057875422005653e+08
1.750827031735724404e-02 4.187547892963753343e+08
1.762975375287205784e-02 4.184017021273575425e+08
1.775208011717635190e-02 4.180465159823180437e+08
1.787525525904235316e-02 4.176892207929388881e+08
1.799928506782476345e-02 4.173298064759205580e+08
1.812417547374236756e-02 4.169682629334874153e+08
1.824993244816152521e-02 4.166045800539090633e+08
1.837656200388171346e-02 4.162387477120347023e+08
1.850407019542302245e-02 4.158707557698266506e+08
1.863246311931559748e-02 4.155005940769109130e+08
1.876174691439120440e-02 4.151282524711367488e+08
1.889192776207666499e-02 4.147537207791467905e+08
1.902301188668944695e-02 4.143769888169502020e+08
1.915500555573527997e-02 4.139980463905148506e+08
1.928791508020777715e-02 4.136168832963656783e+08
1.942174681489025612e-02 4.132334893221890926e+08
1.955650715865949255e-02 4.128478542474586368e+08
1.969220255479172538e-02 4.124599678440586925e+08
1.982883949127071249e-02 4.120698198769246936e+08
1.996642450109793396e-02 4.116774001046960354e+08
2.010496416260498104e-02 4.112826982803753614e+08
2.024446509976803726e-02 4.108857041519997120e+08
2.038493398252463201e-02 4.104864074633238912e+08
2.052637752709252084e-02 4.100847979545152783e+08
2.066880249629082095e-02 4.096808653628540039e+08
2.081221569986338102e-02 4.092745994234552383e+08
2.095662399480432980e-02 4.088659898699899912e+08
2.110203428568595621e-02 4.084550264354286790e+08
2.124845352498882720e-02 4.080416988527840376e+08
2.139588871343421628e-02 4.076259968558829427e+08
2.154434690031883232e-02 4.072079101801292300e+08
2.169383518385184506e-02 4.067874285632922053e+08
2.184436071149427339e-02 4.063645417463077903e+08
2.199593068030074663e-02 4.059392394740782380e+08
2.214855233726359396e-02 4.055115114963022470e+08
2.230223297965937615e-02 4.050813475682978630e+08
2.245697995539773853e-02 4.046487374518561363e+08
2.261280066337278266e-02 4.042136709160926938e+08
2.276970255381680075e-02 4.037761377383218408e+08
2.292769312865648723e-02 4.033361277049329877e+08
2.308677994187168653e-02 4.028936306122909188e+08
2.324697059985647921e-02 4.024486362676405907e+08
2.340827276178293267e-02 4.020011344900269508e+08
2.357069413996727703e-02 4.015511151112309694e+08
2.373424250023866214e-02 4.010985679767119288e+08
2.389892566231050300e-02 4.006434829465680718e+08
2.406475150015424322e-02 4.001858498965114951e+08
2.423172794237599473e-02 3.997256587188493013e+08
2.439986297259550199e-02 3.992628993234845400e+08
2.456916462982790261e-02 3.987975616389295459e+08
2.473964100886814205e-02 3.983296356133303642e+08
2.491130026067788633e-02 3.978591112155050039e+08
2.508415059277539771e-02 3.973859784360008836e+08
2.525820026962784584e-02 3.969102272881538868e+08
2.543345761304649510e-02 3.964318478091782331e+08
2.560993100258459471e-02 3.959508300612536073e+08
2.578762887593800956e-02 3.954671641326373219e+08
2.596655972934871007e-02 3.949808401387855411e+08
2.614673211801091940e-02 3.944918482234907150e+08
2.632815465648021339e-02 3.940001785600329041e+08
2.651083601908538895e-02 3.935058213523443937e+08
2.669478494034320873e-02 3.930087668361875415e+08
2.688001021537606006e-02 3.925090052803522944e+08
2.706652070033241375e-02 3.920065269878644347e+08
2.725432531281029094e-02 3.915013222972063422e+08
2.744343303228365463e-02 3.909933815835549235e+08
2.763385290053169824e-02 3.904826952600375414e+08
2.782559402207124277e-02 3.899692537789970040e+08
2.801866556459195468e-02 3.894530476332733035e+08
2.821307675939472084e-02 3.889340673575016260e+08
2.840883690183304208e-02 3.884123035294253230e+08
2.860595535175742068e-02 3.878877467712215781e+08
2.880444153396296419e-02 3.873603877508445978e+08
2.900430493863991738e-02 3.868302171833829284e+08
2.920555512182746588e-02 3.862972258324305415e+08
2.940820170587063812e-02 3.857614045114777088e+08
2.961225437988034351e-02 3.852227440853112340e+08
2.981772290019671715e-02 3.846812354714343548e+08
3.002461709085549324e-02 3.841368696414994001e+08
3.023294684405777866e-02 3.835896376227588654e+08
3.044272212064302874e-02 3.830395304995272756e+08
3.065395295056526706e-02 3.824865394146658778e+08
3.086664943337272954e-02 3.819306555710722804e+08
3.108082173869063797e-02 3.813718702331967354e+08
3.129648010670751934e-02 3.808101747285665870e+08
3.151363484866478992e-02 3.802455604493279457e+08
3.173229634734976018e-02 3.796780188538061976e+08
3.195247505759211959e-02 3.791075414680778384e+08
3.217418150676371741e-02 3.785341198875585198e+08
3.239742629528197249e-02 3.779577457786125541e+08
3.262222009711669701e-02 3.773784108801672459e+08
3.284857366030043829e-02 3.767961070053532720e+08
3.307649780744240792e-02 3.762108260431568623e+08
3.330600343624588733e-02 3.756225599600841403e+08
3.353710152002930406e-02 3.750313008018479347e+08
3.376980310825091619e-02 3.744370406950647235e+08
3.400411932703706341e-02 3.738397718489676118e+08
3.424006137971424141e-02 3.732394865571414232e+08
3.447764054734463873e-02 3.726361771992636323e+08
3.471686818926561502e-02 3.720298362428674698e+08
3.495775574363275268e-02 3.714204562451192141e+08
3.520031472796678745e-02 3.708080298546104431e+08
3.544455673970435539e-02 3.701925498131650090e+08
3.569049345675229939e-02 3.695740089576635957e+08
3.593813663804627800e-02 3.689524002218812108e+08
3.618749812411280187e-02 3.683277166383420825e+08
3.643858983763544751e-02 3.676999513401888609e+08
3.669142378402494298e-02 3.670690975630673766e+08
3.694601205199302130e-02 3.664351486470248103e+08
3.720236681413068014e-02 3.657980980384274721e+08
3.746050032748993175e-02 3.651579392918873429e+08
3.772042493416997294e-02 3.645146660722097158e+08
3.798215306190736579e-02 3.638682721563497782e+08
3.824569722466999305e-02 3.632187514353898168e+08
3.851107002325571127e-02 3.625660979165272713e+08
3.877828414589457040e-02 3.619103057250773311e+08
3.904735236885559929e-02 3.612513691064926386e+08
3.931828755705769896e-02 3.605892824283937812e+08
3.959110266468458816e-02 3.599240401826187372e+08
3.986581073580440504e-02 3.592556369872813225e+08
4.014242490499322219e-02 3.585840675888454914e+08
4.042095839796305823e-02 3.579093268642160296e+08
4.070142453219438572e-02 3.572314098228403330e+08
4.098383671757261509e-02 3.565503116088227630e+08
4.126820845702953988e-02 3.558660275030549169e+08
4.155455334718875099e-02 3.551785529253590107e+08
4.184288507901580412e-02 3.544878834366413355e+08
4.213321743847289053e-02 3.537940147410640121e+08
4.242556430717776828e-02 3.530969426882198453e+08
4.271993966306778662e-02 3.523966632753347754e+08
4.301635758106794882e-02 3.516931726494662166e+08
4.331483223376398489e-02 3.509864671097252965e+08
4.361537789208005944e-02 3.502765431095070839e+08
4.391800892596085804e-02 3.495633972587303519e+08
4.422273980505899565e-02 3.488470263260907531e+08
4.452958509942655380e-02 3.481274272413285971e+08
4.483855948021186338e-02 3.474045970975008607e+08
4.514967772036102001e-02 3.466785331532688737e+08
4.546295469532399269e-02 3.459492328351970911e+08
4.577840538376618668e-02 3.452166937400558591e+08
4.609604486828433600e-02 3.444809136371438503e+08
4.641588833612777382e-02 3.437418904706094861e+08
4.673795107992463616e-02 3.429996223617911339e+08
4.706224849841281199e-02 3.422541076115618348e+08
4.738879609717653457e-02 3.415053447026813030e+08
4.771760948938745528e-02 3.407533323021613955e+08
4.804870439655128944e-02 3.399980692636359334e+08
4.838209664925956915e-02 3.392395546297383904e+08
4.871780218794630885e-02 3.384777876344906092e+08
4.905583706365047869e-02 3.377127677056933045e+08
4.939621743878321036e-02 3.369444944673309922e+08
4.973895958790062327e-02 3.361729677419727445e+08
5.008407989848212560e-02 3.353981875531898737e+08
5.043159487171358646e-02 3.346201541279733777e+08
5.078152112327673218e-02 3.338388678991576433e+08
5.113387538414326111e-02 3.330543295078476071e+08
5.148867450137492585e-02 3.322665398058558702e+08
5.184593543892913187e-02 3.314754998581364155e+08
5.220567527846975420e-02 3.306812109452285767e+08
5.256791122018421997e-02 3.298836745657004714e+08
5.293266058360561466e-02 3.290828924385953546e+08
5.329994080844088072e-02 3.282788665058824420e+08
5.366976945540476163e-02 3.274715989349066615e+08
5.404216420705915125e-02 3.266610921208434701e+08
5.441714286865890343e-02 3.258473486891501546e+08
5.479472336900287344e-02 3.250303714980221987e+08
5.517492376129125992e-02 3.242101636408447027e+08
5.555776222398877556e-02 3.233867284486471415e+08
5.594325706169377826e-02 3.225600694925556183e+08
5.633142670601355012e-02 3.217301905862413049e+08
5.672228971644543288e-02 3.208970957883709073e+08
5.711586478126431943e-02 3.200607894050505161e+08
5.751217071841613349e-02 3.192212759922661185e+08
5.791122647641758214e-02 3.183785603583254814e+08
5.831305113526221579e-02 3.175326475662862659e+08
5.871766390733255264e-02 3.166835429363896251e+08
5.912508413831878140e-02 3.158312520484770536e+08
5.953533130814370189e-02 3.149757807444098592e+08
5.994842503189409116e-02 3.141171351304773092e+08
6.036438506075866850e-02 3.132553215797967911e+08
6.078323128297229844e-02 3.123903467347072959e+08
6.120498372476699395e-02 3.115222175091543198e+08
6.162966255132942134e-02 3.106509410910612345e+08
6.205728806776500406e-02 3.097765249446948767e+08
6.248788072006890987e-02 3.088989768130181432e+08
6.292146109610344262e-02 3.080183047200297713e+08
6.335804992658250478e-02 3.071345169730934501e+08
6.379766808606282535e-02 3.062476221652529240e+08
6.424033659394190465e-02 3.053576291775313616e+08
6.468607661546327270e-02 3.044645471812193394e+08
6.513490946272802729e-02 3.035683856401453018e+08
6.558685659571432403e-02 3.026691543129301071e+08
6.604193962330305590e-02 3.017668632552217841e+08
6.650018030431117944e-02 3.008615228219204545e+08
6.696160054853221577e-02 2.999531436693721414e+08
6.742622241778342684e-02 2.990417367575559616e+08
6.789406812696109628e-02 2.981273133522419930e+08
6.836516004510238831e-02 2.972098850271315575e+08
6.883952069645496441e-02 2.962894636659749150e+08
6.931717276155408003e-02 2.953660614646674395e+08
6.979813907830660635e-02 2.944396909333181977e+08
7.028244264308348976e-02 2.935103648982977271e+08
7.077010661181890039e-02 2.925780965042603612e+08
7.126115430111745752e-02 2.916428992161362171e+08
7.175560918936928212e-02 2.907047868210994601e+08
7.225349491787214085e-02 2.897637734305078387e+08
7.275483529196229149e-02 2.888198734818118215e+08
7.325965428215229502e-02 2.878731017404341698e+08
7.376797602527730702e-02 2.869234733016189337e+08
7.427982482564918221e-02 2.859710035922470689e+08
7.479522515621821188e-02 2.850157083726222515e+08
7.531420165974371528e-02 2.840576037382171750e+08
7.583677914997190295e-02 2.830967061213919520e+08
7.636298261282241373e-02 2.821330322930696607e+08
7.689283720758313678e-02 2.811665993643808961e+08
7.742636826811269413e-02 2.801974247882664204e+08
7.796360130405233235e-02 2.792255263610409498e+08
7.850456200204508628e-02 2.782509222239217758e+08
7.904927622696419909e-02 2.772736308645091057e+08
7.959777002314985528e-02 2.762936711182309389e+08
8.015006961565404597e-02 2.753110621697407365e+08
8.070620141149503768e-02 2.743258235542721152e+08
8.126619200091945994e-02 2.733379751589494348e+08
8.183006815867389927e-02 2.723475372240523100e+08
8.239785684528519449e-02 2.713545303442285061e+08
8.296958520834907258e-02 2.703589754696664214e+08
8.354528058382866551e-02 2.693608939072105289e+08
8.412497049736118726e-02 2.683603073214301765e+08
8.470868266557401993e-02 2.673572377356362045e+08
8.529644499741025065e-02 2.663517075328453779e+08
8.588828559546249353e-02 2.653437394566896856e+08
8.648423275731721704e-02 2.643333566122714877e+08
8.708431497690724554e-02 2.633205824669631422e+08
8.768856094587426653e-02 2.623054408511495292e+08
8.829699955494091368e-02 2.612879559589118063e+08
8.890965989529157898e-02 2.602681523486517668e+08
8.952657125996396625e-02 2.592460549436572492e+08
9.014776314524917955e-02 2.582216890326044858e+08
9.077326525210223374e-02 2.571950802699997127e+08
9.140310748756232118e-02 2.561662546765542626e+08
9.203731996618221001e-02 2.551352386394979656e+08
9.267593301146878626e-02 2.541020589128245413e+08
9.331897715733239451e-02 2.530667426174724400e+08
9.396648314954690606e-02 2.520293172414337099e+08
9.461848194722001504e-02 2.509898106397973597e+08
9.527500472427290201e-02 2.499482510347214341e+08
9.593608287093141618e-02 2.489046670153329074e+08
9.660174799522645850e-02 2.478590875375550985e+08
9.727203192450536995e-02 2.468115419238640964e+08
9.794696670695395013e-02 2.457620598629659712e+08
9.862658461312820424e-02 2.447106714094032347e+08
9.931091813749795549e-02 2.436574069830823243e+08
1.000000000000000056e-01 2.426022973687221706e+08
1.006938631476027579e-01 2.415453737152251303e+08
1.013925407558815273e-01 2.404866675349700451e+08
1.020960662306046457e-01 2.394262107030203938e+08
1.028044732093309210e-01 2.383640354562543035e+08
1.035177955630176283e-01 2.373001743924085796e+08
1.042360673976401725e-01 2.362346604690409303e+08
1.049593230558227702e-01 2.351675270024066269e+08
1.056875971184804003e-01 2.340988076662499905e+08
1.064209244064724114e-01 2.330285364905062318e+08
1.071593399822671072e-01 2.319567478599197865e+08
1.079028791516184194e-01 2.308834765125703812e+08
1.086515774652538346e-01 2.298087575383114219e+08
1.094054707205742438e-01 2.287326263771174848e+08
1.101645949633656418e-01 2.276551188173386753e+08
1.109289864895222771e-01 2.265762709938661158e+08
1.116986818467823189e-01 2.254961193862010539e+08
1.124737178364751955e-01 2.244147008164309859e+08
1.132541315152811451e-01 2.233320524471119642e+08
1.140399601970032428e-01 2.222482117790543437e+08
1.148312414543511129e-01 2.211632166490120888e+08
1.156280131207376022e-01 2.200771052272754908e+08
1.164303132920876810e-01 2.189899160151654482e+08
1.172381803286598606e-01 2.179016878424299359e+08
1.180516528568804902e-01 2.168124598645401597e+08
1.188707697711903349e-01 2.157222715598877370e+08
1.196955702359043389e-01 2.146311627268813252e+08
1.205260936870842653e-01 2.135391734809424281e+08
1.213623798344240501e-01 2.124463442513974011e+08
1.222044686631488103e-01 2.113527157782689631e+08
1.230524004359261625e-01 2.102583291089669764e+08
1.239062156947916271e-01 2.091632255948697925e+08
1.247659552630869806e-01 2.080674468878095746e+08
1.256316602474120692e-01 2.069710349364475310e+08
1.265033720395903061e-01 2.058740319825465977e+08
1.273811323186478384e-01 2.047764805571408868e+08
1.282649830528060642e-01 2.036784234765963554e+08
1.291549665014883885e-01 2.025799038385699093e+08
1.300511252173409127e-01 2.014809650178585649e+08
1.309535020482666956e-01 2.003816506621470153e+08
1.318621401394748371e-01 1.992820046876453459e+08
1.327770829355429671e-01 1.981820712746224701e+08
1.336983741824946670e-01 1.970818948628314137e+08
1.346260579298910465e-01 1.959815201468303800e+08
1.355601785329368092e-01 1.948809920711956918e+08
1.365007806546013891e-01 1.937803558256279826e+08
1.374479092677537428e-01 1.926796568399524391e+08
1.384016096573131571e-01 1.915789407790139616e+08
1.393619274224142668e-01 1.904782535374627411e+08
1.403289084785872554e-01 1.893776412344380617e+08
1.413025990599533765e-01 1.882771502081413269e+08
1.422830457214352695e-01 1.871768270103097558e+08
1.432702953409830948e-01 1.860767184005775154e+08
1.442643951218157972e-01 1.849768713407390416e+08
1.452653925946780500e-01 1.838773329889030457e+08
1.462733356201129931e-01 1.827781506935440004e+08
1.472882723907502633e-01 1.816793719874516428e+08
1.483102514336104294e-01 1.805810445815755725e+08
1.493393216124252465e-01 1.794832163587678969e+08
1.503755321299737602e-01 1.783859353674257398e+08
1.514189325304352018e-01 1.772892498150306940e+08
1.524695727017573721e-01 1.761932080615900457e+08
1.535275028780422601e-01 1.750978586129781306e+08
1.545927736419477616e-01 1.740032501141779423e+08
1.556654359271061328e-01 1.729094313424274623e+08
1.567455410205594868e-01 1.718164512002671063e+08
1.578331405652117214e-01 1.707243587084954977e+08
1.589282865622977936e-01 1.696332029990246892e+08
1.600310313738700918e-01 1.685430333076483607e+08
1.611414277253019056e-01 1.674538989667157829e+08
1.622595287078087145e-01 1.663658493977125287e+08
1.633853877809861299e-01 1.652789341037549376e+08
1.645190587753662392e-01 1.641932026619964242e+08
1.656605958949914359e-01 1.631087047159440815e+08
1.668100537200059019e-01 1.620254899676947594e+08
1.679674872092653259e-01 1.609436081700824499e+08
1.691329517029648011e-01 1.598631091187481284e+08
1.703065029252844309e-01 1.587840426441263258e+08
1.714881969870540035e-01 1.577064586033546925e+08
1.726780903884355955e-01 1.566304068721060157e+08
1.738762400216250503e-01 1.555559373363453746e+08
1.750827031735724126e-01 1.544830998840140402e+08
1.762975375287205715e-01 1.534119443966423869e+08
1.775208011717634982e-01 1.523425207408948541e+08
1.787525525904235524e-01 1.512748787600445747e+08
1.799928506782476345e-01 1.502090682653872967e+08
1.812417547374236826e-01 1.491451390275886059e+08
1.824993244816152382e-01 1.480831407679739296e+08
1.837656200388171346e-01 1.470231231497577727e+08
1.850407019542302245e-01 1.459651357692191601e+08
1.863246311931559818e-01 1.449092281468219459e+08
1.876174691439120579e-01 1.438554497182849050e+08
1.889192776207666291e-01 1.428038498256031573e+08
1.902301188668944765e-01 1.417544777080250680e+08
1.915500555573527997e-01 1.407073824929827154e+08
1.928791508020777645e-01 1.396626131869855225e+08
1.942174681489025334e-01 1.386202186664728820e+08
1.955650715865949185e-01 1.375802476686348021e+08
1.969220255479172399e-01 1.365427487821968794e+08
1.982883949127071388e-01 1.355077704381789565e+08
1.996642450109793465e-01 1.344753609006264806e+08
2.010496416260497965e-01 1.334455682573172152e+08
2.024446509976803865e-01 1.324184404104493856e+08
2.038493398252463062e-01 1.313940250673117638e+08
2.052637752709252084e-01 1.303723697309398949e+08
2.066880249629081956e-01 1.293535216907609850e+08
2.081221569986338171e-01 1.283375280132309943e+08
2.095662399480432980e-01 1.273244355324685425e+08
2.110203428568595552e-01 1.263142908408856988e+08
2.124845352498882789e-01 1.253071402798228711e+08
2.139588871343421628e-01 1.243030299301877469e+08
2.154434690031883370e-01 1.233020056031036973e+08
2.169383518385184229e-01 1.223041128305713385e+08
2.184436071149427339e-01 1.213093968561455160e+08
2.199593068030074872e-01 1.203179026256308705e+08
2.214855233726359396e-01 1.193296747778022438e+08
2.230223297965937546e-01 1.183447576351498961e+08
2.245697995539774061e-01 1.173631951946558505e+08
2.261280066337278405e-01 1.163850311186043918e+08
2.276970255381680075e-01 1.154103087254289240e+08
2.292769312865649833e-01 1.144390709806006849e+08
2.308677994187168514e-01 1.134713604875629395e+08
2.324697059985647851e-01 1.125072194787122607e+08
2.340827276178293059e-01 1.115466898064337522e+08
2.357069413996727703e-01 1.105898129341907054e+08
2.373424250023867532e-01 1.096366299276756048e+08
2.389892566231049120e-01 1.086871814460245073e+08
2.406475150015424114e-01 1.077415077330966741e+08
2.423172794237599403e-01 1.067996486088292897e+08
2.439986297259550130e-01 1.058616434606633931e+08
2.456916462982791372e-01 1.049275312350509018e+08
2.473964100886812956e-01 1.039973504290429950e+08
2.491130026067788494e-01 1.030711390819656253e+08
2.508415059277540049e-01 1.021489347671839744e+08
2.525820026962784515e-01 1.012307745839626938e+08
2.543345761304649510e-01 1.003166951494219005e+08
2.560993100258457944e-01 9.940673259059573710e+07
2.578762887593800679e-01 9.850092253659446537e+07
2.596655972934870937e-01 9.759930011087870598e+07
2.614673211801092356e-01 9.670189992364194989e+07
2.632815465648021269e-01 9.580875606431289017e+07
2.651083601908537646e-01 9.491990209417505562e+07
2.669478494034320804e-01 9.403537103911174834e+07
2.688001021537606006e-01 9.315519538247662783e+07
2.706652070033241375e-01 9.227940705809587240e+07
2.725432531281029025e-01 9.140803744340427220e+07
2.744343303228363729e-01 9.054111735271787643e+07
2.763385290053169685e-01 8.967867703064946830e+07
2.782559402207124277e-01 8.882074614566701651e+07
2.801866556459195468e-01 8.796735378380067647e+07
2.821307675939472293e-01 8.711852844250032306e+07
2.840883690183302890e-01 8.627429802464774251e+07
2.860595535175741722e-01 8.543468983272606134e+07
2.880444153396296558e-01 8.459973056315049529e+07
2.900430493863991877e-01 8.376944630076147616e+07
2.920555512182746449e-01 8.294386251348608732e+07
2.940820170587062354e-01 8.212300404716746509e+07
2.961225437988034281e-01 8.130689512056849897e+07
2.981772290019671923e-01 8.049555932054938376e+07
3.002461709085549324e-01 7.968901959742392600e+07
3.023294684405777866e-01 7.888729826049675047e+07
3.044272212064302874e-01 7.809041697378344834e+07
3.065395295056526637e-01 7.729839675191633403e+07
3.086664943337272815e-01 7.651125795623934269e+07
3.108082173869063936e-01 7.572902029109258950e+07
3.129648010670751934e-01 7.495170280028997362e+07
3.151363484866479547e-01 7.417932386379216611e+07
3.173229634734976434e-01 7.341190119457654655e+07
3.195247505759211681e-01 7.264945183570510149e+07
3.217418150676371602e-01 7.189199215759487450e+07
3.239742629528197249e-01 7.113953785549053550e+07
3.262222009711669979e-01 7.039210394713994861e+07
3.284857366030043413e-01 6.964970477067837119e+07
3.307649780744240653e-01 6.891235398271718621e+07
3.330600343624588455e-01 6.818006455664375424e+07
3.353710152002930545e-01 6.745284878112970293e+07
3.376980310825091203e-01 6.673071825885177404e+07
3.400411932703706341e-01 6.601368390542350709e+07
3.424006137971423724e-01 6.530175594854146987e+07
3.447764054734464012e-01 6.459494392734463513e+07
3.471686818926561502e-01 6.389325669198887050e+07
3.495775574363275129e-01 6.319670240343651921e+07
3.520031472796679162e-01 6.250528853346204013e+07
3.544455673970433596e-01 6.181902186487355828e+07
3.569049345675229801e-01 6.113790849195101112e+07
3.593813663804627523e-01 6.046195382110060751e+07
3.618749812411280464e-01 5.979116257172585279e+07
3.643858983763544335e-01 5.912553877731534839e+07
3.669142378402492355e-01 5.846508578674556315e+07
3.694601205199302685e-01 5.780980626580134034e+07
3.720236681413067736e-01 5.715970219890957326e+07
3.746050032748993175e-01 5.651477489108911157e+07
3.772042493416997710e-01 5.587502497011364996e+07
3.798215306190734220e-01 5.524045238888826966e+07
3.824569722466998889e-01 5.461105642803790420e+07
3.851107002325570572e-01 5.398683569870661199e+07
3.877828414589457595e-01 5.336778814556682855e+07
3.904735236885559790e-01 5.275391105003713816e+07
3.931828755705767953e-01 5.214520103370632231e+07
3.959110266468458539e-01 5.154165406196369231e+07
3.986581073580440782e-01 5.094326544783242792e+07
4.014242490499321803e-01 5.035002985600488633e+07
4.042095839796308043e-01 4.976194130707756430e+07
4.070142453219436907e-01 4.917899318198414147e+07
4.098383671757261371e-01 4.860117822662389278e+07
4.126820845702953711e-01 4.802848855668325722e+07
4.155455334718875515e-01 4.746091566264861822e+07
4.184288507901582355e-01 4.689845041500692815e+07
4.213321743847286971e-01 4.634108306963234395e+07
4.242556430717777105e-01 4.578880327335543931e+07
4.271993966306779078e-01 4.524160006971292198e+07
4.301635758106794882e-01 4.469946190487395972e+07
4.331483223376400571e-01 4.416237663374056667e+07
4.361537789208003724e-01 4.363033152621923387e+07
4.391800892596086081e-01 4.310331327365926653e+07
4.422273980505899149e-01 4.258130799545618147e+07
4.452958509942655518e-01 4.206430124581520259e+07
4.483855948021188698e-01 4.155227802067192644e+07
4.514967772036099780e-01 4.104522276476673782e+07
4.546295469532399269e-01 4.054311937886852026e+07
4.577840538376618529e-01 4.004595122714459896e+07
4.609604486828433600e-01 3.955370114467260987e+07
4.641588833612779741e-01 3.906635144509010762e+07
4.673795107992461118e-01 3.858388392837829143e+07
4.706224849841281754e-01 3.810627988877538592e+07
4.738879609717653318e-01 3.763352012281574309e+07
4.771760948938745805e-01 3.716558493749001622e+07
4.804870439655131720e-01 3.670245415852236748e+07
4.838209664925954834e-01 3.624410713876028359e+07
4.871780218794630746e-01 3.579052276667211205e+07
4.905583706365048147e-01 3.534167947494868189e+07
4.939621743878320759e-01 3.489755524920340627e+07
4.973895958790064964e-01 3.445812763676710427e+07
5.008407989848210340e-01 3.402337375557224452e+07
5.043159487171359201e-01 3.359327030312242359e+07
5.078152112327672940e-01 3.316779356554215774e+07
5.113387538414325695e-01 3.274691942670188844e+07
5.148867450137495361e-01 3.233062337741413713e+07
5.184593543892910272e-01 3.191888052469525486e+07
5.220567527846975420e-01 3.151166560108823329e+07
5.256791122018421580e-01 3.110895297404225171e+07
5.293266058360561743e-01 3.071071665534271672e+07
5.329994080844090432e-01 3.031693031058860943e+07
5.366976945540475885e-01 2.992756726871086285e+07
5.404216420705915125e-01 2.954260053152776882e+07
5.441714286865890760e-01 2.916200278333200514e+07
5.479472336900287344e-01 2.878574640050481632e+07
5.517492376129126130e-01 2.841380346115209535e+07
5.555776222398878250e-01 2.804614575475784019e+07
5.594325706169377410e-01 2.768274479184991121e+07
5.633142670601354318e-01 2.732357181367332488e+07
5.672228971644543982e-01 2.696859780186660215e+07
5.711586478126432498e-01 2.661779348813594878e+07
5.751217071841613349e-01 2.627112936392255127e+07
5.791122647641758769e-01 2.592857569005899504e+07
5.831305113526221717e-01 2.559010250640905276e+07
5.871766390733255125e-01 2.525567964148741588e+07
5.912508413831878418e-01 2.492527672205365077e+07
5.953533130814370189e-01 2.459886318267681077e+07
5.994842503189409255e-01 2.427640827526570484e+07
6.036438506075867405e-01 2.395788107856047153e+07
6.078323128297229427e-01 2.364325050758146122e+07
6.120498372476699256e-01 2.333248532303065807e+07
6.162966255132942273e-01 2.302555414064171165e+07
6.205728806776500406e-01 2.272242544047445804e+07
6.248788072006891126e-01 2.242306757614958659e+07
6.292146109610343707e-01 2.212744878401985765e+07
6.335804992658250478e-01 2.183553719227346778e+07
6.379766808606281980e-01 2.154730082996611670e+07
6.424033659394190465e-01 2.126270763597784191e+07
6.468607661546323939e-01 2.098172546789078042e+07
6.513490946272803006e-01 2.070432211078469083e+07
6.558685659571431570e-01 2.043046528594628349e+07
6.604193962330304757e-01 2.016012265948912874e+07
6.650018030431118499e-01 1.989326185088095441e+07
6.696160054853218524e-01 1.962985044137482718e+07
6.742622241778342129e-01 1.936985598234129697e+07
6.789406812696109350e-01 1.911324600349841267e+07
6.836516004510237998e-01 1.885998802103671059e+07
6.883952069645495886e-01 1.861004954563617706e+07
6.931717276155403562e-01 1.836339809037267044e+07
6.979813907830659803e-01 1.812000117851118371e+07
7.028244264308348699e-01 1.787982635118316859e+07
7.077010661181889484e-01 1.764284117494576052e+07
7.126115430111745752e-01 1.740901324922055751e+07
7.175560918936925159e-01 1.717831021360962838e+07
7.225349491787214085e-01 1.695069975508681312e+07
7.275483529196228316e-01 1.672614961506222934e+07
7.325965428215229780e-01 1.650462759631814621e+07
7.376797602527734865e-01 1.628610156981450878e+07
7.427982482564914335e-01 1.607053948136236332e+07
7.479522515621821466e-01 1.585790935816368833e+07
7.531420165974371805e-01 1.564817931521625817e+07
7.583677914997191127e-01 1.544131756158210710e+07
7.636298261282246091e-01 1.523729240651845932e+07
7.689283720758309792e-01 1.503607226546994969e+07
7.742636826811269968e-01 1.483762566592113301e+07
7.796360130405233235e-01 1.464192125310857408e+07
7.850456200204509738e-01 1.444892779559150711e+07
7.904927622696424905e-01 1.425861419068035483e+07
7.959777002314981642e-01 1.407094946972287446e+07
8.015006961565405152e-01 1.388590280324698612e+07
8.070620141149503768e-01 1.370344350596044958e+07
8.126619200091945716e-01 1.352354104160656035e+07
8.183006815867394090e-01 1.334616502767618373e+07
8.239785684528515564e-01 1.317128523997576907e+07
8.296958520834906148e-01 1.299887161705147289e+07
8.354528058382867384e-01 1.282889426446961053e+07
8.412497049736118448e-01 1.266132345895341411e+07
8.470868266557406434e-01 1.249612965237677284e+07
8.529644499741021457e-01 1.233328347561493143e+07
8.588828559546249908e-01 1.217275574225310981e+07
8.648423275731722537e-01 1.201451745215318725e+07
8.708431497690723999e-01 1.185853979487954453e+07
8.768856094587430539e-01 1.170479415298440866e+07
8.829699955494086927e-01 1.155325210515387915e+07
8.890965989529158175e-01 1.140388542921532877e+07
8.952657125996396070e-01 1.125666610500732437e+07
9.014776314524917122e-01 1.111156631711299904e+07
9.077326525210228647e-01 1.096855845745814219e+07
9.140310748756227399e-01 1.082761512777515501e+07
9.203731996618220723e-01 1.068870914193405211e+07
9.267593301146878071e-01 1.055181352814221755e+07
9.331897715733238341e-01 1.041690153101380356e+07
9.396648314954695325e-01 1.028394661351067759e+07
9.461848194721996785e-01 1.015292245875626430e+07
9.527500472427290479e-01 1.002380297172383778e+07
9.593608287093141618e-01 9.896562280801024288e+06
9.660174799522646127e-01 9.771174739232141525e+06
9.727203192450541991e-01 9.647614926440095529e+06
9.794696670695395291e-01 9.525857649229668081e+06
9.862658461312820979e-01 9.405877942874051630e+06
9.931091813749796104e-01 9.287651072086380795e+06
1.000000000000000000e+00 9.171152531878413633e+06
1.006938631476027135e+00 9.056358048308070749e+06
1.013925407558815328e+00 8.943243579117923975e+06
1.020960662306046540e+00 8.831785314266750589e+06
1.028044732093309710e+00 8.721959676355997100e+06
1.035177955630176339e+00 8.613743320953492075e+06
1.042360673976401086e+00 8.507113136816212907e+06
1.049593230558227619e+00 8.402046246014526114e+06
1.056875971184803920e+00 8.298520003959950991e+06
1.064209244064724613e+00 8.196511999338422902e+06
1.071593399822671211e+00 8.096000053951649927e+06
1.079028791516183583e+00 7.996962222468336113e+06
1.086515774652538457e+00 7.899376792087814771e+06
1.094054707205742494e+00 7.803222282118203118e+06
1.101645949633657029e+00 7.708477443471189588e+06
1.109289864895222744e+00 7.615121258076012135e+06
1.116986818467822662e+00 7.523132938214497641e+06
1.124737178364751955e+00 7.432491925779744051e+06
1.132541315152811423e+00 7.343177891460566781e+06
1.140399601970033094e+00 7.255170733853884973e+06
1.148312414543511073e+00 7.168450578507538885e+06
1.156280131207375383e+00 7.082997776895494200e+06
1.164303132920876838e+00 6.998792905327990651e+06
1.172381803286598467e+00 6.915816763798698783e+06
1.180516528568805512e+00 6.834050374771074392e+06
1.188707697711903322e+00 6.753474981906420551e+06
1.196955702359042695e+00 6.674072048735545948e+06
1.205260936870842681e+00 6.595823257276428863e+06
1.213623798344240612e+00 6.518710506600172259e+06
1.222044686631488686e+00 6.442715911347117275e+06
1.230524004359261570e+00 6.367821800195726566e+06
1.239062156947915661e+00 6.294010714285996743e+06
1.247659552630869806e+00 6.221265405599872582e+06
1.256316602474120137e+00 6.149568835300635546e+06
1.265033720395903893e+00 6.078904172033348121e+06
1.273811323186478495e+00 6.009254790188700892e+06
1.282649830528059809e+00 5.940604268131992780e+06
1.291549665014884107e+00 5.872936386399666779e+06
1.300511252173408572e+00 5.806235125865274109e+06
1.309535020482667678e+00 5.740484665876880288e+06
1.318621401394748593e+00 5.675669382368069142e+06
1.327770829355429116e+00 5.611773845944432542e+06
1.336983741824946614e+00 5.548782819947583601e+06
1.346260579298909743e+00 5.486681258498699404e+06
1.355601785329368925e+00 5.425454304523427039e+06
1.365007806546013835e+00 5.365087287760239094e+06
1.374479092677536762e+00 5.305565722754031420e+06
1.384016096573131627e+00 5.246875306836923584e+06
1.393619274224142002e+00 5.189001918098205701e+06
1.403289084785873220e+00 5.131931613345086575e+06
1.413025990599533710e+00 5.075650626056452282e+06
1.422830457214351974e+00 5.020145364331041463e+06
1.432702953409831004e+00 4.965402408832270652e+06
1.442643951218157250e+00 4.911408510731270537e+06
1.452653925946781222e+00 4.858150589649909176e+06
1.462733356201129986e+00 4.805615731605879962e+06
1.472882723907501745e+00 4.753791186961194500e+06
1.483102514336104516e+00 4.702664368376216851e+06
1.493393216124251799e+00 4.652222848770842887e+06
1.503755321299738323e+00 4.602454359294437803e+06
1.514189325304351907e+00 4.553346787306601182e+06
1.524695727017574498e+00 4.504888174370071851e+06
1.535275028780422657e+00 4.457066714257892221e+06
1.545927736419477005e+00 4.409870750976186246e+06
1.556654359271061994e+00 4.363288776804580353e+06
1.567455410205595090e+00 4.317309430355710909e+06
1.578331405652118047e+00 4.271921494655676186e+06
1.589282865622978047e+00 4.227113895247123204e+06
1.600310313738700030e+00 4.182875698316504247e+06
1.611414277253019778e+00 4.139196108847496100e+06
1.622595287078087090e+00 4.096064468801961280e+06
1.633853877809862132e+00 4.053470255330340005e+06
1.645190587753662559e+00 4.011403079013184179e+06
1.656605958949913582e+00 3.969852682135355193e+06
1.668100537200059241e+00 3.928808936994800344e+06
1.679674872092653093e+00 3.888261844247489236e+06
1.691329517029648732e+00 3.848201531290208455e+06
1.703065029252844420e+00 3.808618250683045480e+06
1.714881969870539091e+00 3.769502378613101784e+06
1.726780903884356011e+00 3.730844413401308469e+06
1.738762400216250503e+00 3.692634974054002669e+06
1.750827031735725070e+00 3.654864798860944342e+06
1.762975375287205715e+00 3.617524744041637983e+06
1.775208011717634093e+00 3.580605782441476826e+06
1.787525525904235524e+00 3.544099002279682551e+06
1.799928506782476401e+00 3.507995605950596742e+06
1.812417547374237659e+00 3.472286908880096395e+06
1.824993244816152327e+00 3.436964338438927196e+06
1.837656200388170458e+00 3.402019432914560195e+06
1.850407019542302134e+00 3.367443840543419123e+06
1.863246311931559873e+00 3.333229318605094682e+06
1.876174691439121522e+00 3.299367732580252923e+06
1.889192776207666347e+00 3.265851055373982526e+06
1.902301188668943821e+00 3.232671366606175900e+06
1.915500555573527830e+00 3.199820851970629767e+06
1.928791508020777812e+00 3.167291802664476912e+06
1.942174681489026389e+00 3.135076614889543969e+06
1.955650715865949074e+00 3.103167789427184500e+06
1.969220255479171566e+00 3.071557931288115215e+06
1.982883949127071332e+00 3.040239749438724015e+06
1.996642450109793465e+00 3.009206056605315767e+06
2.010496416260499242e+00 2.978449769157544710e+06
2.024446509976803643e+00 2.947963907072528265e+06
2.038493398252462008e+00 2.917741593980657868e+06
2.052637752709252084e+00 2.887776057294447441e+06
2.066880249629082122e+00 2.858060628421385307e+06
2.081221569986339226e+00 2.828588743061712477e+06
2.095662399480433091e+00 2.799353941592182033e+06
2.110203428568594219e+00 2.770349869536290877e+06
2.124845352498883067e+00 2.741570278121784795e+06
2.139588871343421683e+00 2.713009024925899226e+06
2.154434690031884259e+00 2.684660074608540162e+06
2.169383518385184395e+00 2.656517499733727891e+06
2.184436071149426173e+00 2.628575481679217424e+06
2.199593068030074594e+00 2.600828311634110752e+06
2.214855233726359174e+00 2.573270391684085596e+06
2.230223297965938656e+00 2.545896235983615275e+06
2.245697995539774006e+00 2.518700472014329862e+06
2.261280066337277184e+00 2.491677841928518843e+06
2.276970255381680186e+00 2.464823203976257239e+06
2.292769312865648779e+00 2.438131534014773555e+06
2.308677994187169791e+00 2.411597927097931970e+06
2.324697059985648018e+00 2.385217599143776577e+06
2.340827276178291783e+00 2.358985888677498791e+06
2.357069413996727647e+00 2.332898258647035342e+06
2.373424250023866033e+00 2.306950298308014870e+06
2.389892566231050175e+00 2.281137725174498744e+06
2.406475150015424003e+00 2.255456387031498831e+06
2.423172794237598016e+00 2.229902264004977420e+06
2.439986297259550074e+00 2.204471470684420317e+06
2.456916462982789984e+00 2.179160258292928338e+06
2.473964100886814066e+00 2.153965016898991074e+06
2.491130026067788439e+00 2.128882277664057445e+06
2.508415059277538717e+00 2.103908715119133238e+06
2.525820026962784848e+00 2.079041149463525275e+06
2.543345761304648178e+00 2.054276548878164729e+06
2.560993100258459165e+00 2.029612031845527468e+06
2.578762887593800901e+00 2.005044869467672193e+06
2.596655972934869716e+00 1.980572487773430534e+06
2.614673211801092023e+00 1.956192470005311305e+06
2.632815465648020048e+00 1.931902558876153780e+06
2.651083601908538867e+00 1.907700658785099629e+06
2.669478494034320804e+00 1.883584837982047582e+06
2.688001021537604895e+00 1.859553330669127172e+06
2.706652070033241486e+00 1.835604539027517196e+06
2.725432531281027693e+00 1.811737035157261882e+06
2.744343303228365283e+00 1.787949562917519128e+06
2.763385290053169907e+00 1.764241039654191351e+06
2.782559402207125832e+00 1.740610557801549090e+06
2.801866556459195134e+00 1.717057386344250990e+06
2.821307675939470627e+00 1.693580972125649685e+06
2.840883690183304111e+00 1.670180940988315502e+06
2.860595535175741944e+00 1.646857098732332233e+06
2.880444153396297668e+00 1.623609431876809336e+06
2.900430493863991543e+00 1.600438108210085193e+06
2.920555512182744895e+00 1.577343477113915840e+06
2.940820170587063576e+00 1.554326069647145458e+06
2.961225437988034503e+00 1.531386598374336725e+06
2.981772290019673477e+00 1.508525956925183302e+06
3.002461709085549213e+00 1.485745219270617235e+06
3.023294684405776422e+00 1.463045638702018652e+06
3.044272212064302874e+00 1.440428646500387462e+06
3.065395295056526859e+00 1.417895850282749860e+06
3.086664943337274369e+00 1.395449032013733638e+06
3.108082173869064047e+00 1.373090145671146223e+06
3.129648010670750491e+00 1.350821314554864774e+06
3.151363484866479325e+00 1.328644828229634557e+06
3.173229634734976212e+00 1.306563139093130827e+06
3.195247505759213791e+00 1.284578858561824542e+06
3.217418150676371713e+00 1.262694752868515905e+06
3.239742629528195472e+00 1.240913738466555718e+06
3.262222009711670090e+00 1.219238877037282335e+06
3.284857366030043746e+00 1.197673370098749641e+06
3.307649780744242651e+00 1.176220553215218941e+06
3.330600343624588788e+00 1.154883889808863401e+06
3.353710152002928879e+00 1.133666964576596394e+06
3.376980310825091536e+00 1.112573476516983705e+06
3.400411932703705897e+00 1.091607231573966332e+06
3.424006137971425723e+00 1.070772134906104067e+06
3.447764054734464345e+00 1.050072182792037260e+06
3.471686818926559503e+00 1.029511454184917035e+06
3.495775574363275240e+00 1.009094101930577424e+06
3.520031472796679051e+00 9.888243436661913292e+05
3.544455673970435594e+00 9.687064524184425827e+05
3.569049345675229468e+00 9.487447469219636405e+05
3.593813663804625858e+00 9.289435816810700344e+05
3.618749812411280242e+00 9.093073367996065645e+05
3.643858983763544224e+00 8.898404076056553749e+05
3.669142378402494131e+00 8.705471940996964695e+05
3.694601205199302463e+00 8.514320902564894641e+05
3.720236681413065849e+00 8.324994732125421287e+05
3.746050032748993175e+00 8.137536923725319793e+05
3.772042493416997377e+00 7.951990584694431163e+05
3.798215306190736218e+00 7.768398326141248690e+05
3.824569722466999000e+00 7.586802153713242151e+05
3.851107002325568907e+00 7.407243358997787582e+05
3.877828414589457484e+00 7.229762411946918583e+05
3.904735236885560123e+00 7.054398854713967303e+05
3.931828755705770284e+00 6.881191197290238924e+05
3.959110266468458761e+00 6.710176815331828548e+05
3.986581073580438783e+00 6.541391850562270265e+05
4.014242490499322358e+00 6.374871114132913062e+05
4.042095839796306045e+00 6.210647993314987980e+05
4.070142453219438572e+00 6.048754361887549749e+05
4.098383671757261482e+00 5.889220494574476033e+05
4.126820845702951601e+00 5.732074985866895877e+05
4.155455334718875626e+00 5.577344673553736648e+05
4.184288507901579912e+00 5.425054567261965713e+05
4.213321743847289191e+00 5.275227782287037699e+05
4.242556430717777438e+00 5.127885478973718127e+05
4.271993966306776969e+00 4.983046807878874824e+05
4.301635758106795215e+00 4.840728860924416222e+05
4.331483223376398684e+00 4.700946628719478613e+05
4.361537789208005833e+00 4.563712964201736613e+05
4.391800892596085859e+00 4.429038552717546700e+05
4.422273980505896596e+00 4.296931888630359899e+05
4.452958509942654963e+00 4.167399258513599052e+05
4.483855948021186144e+00 4.040444730954241822e+05
4.514967772036102112e+00 3.916070152959204279e+05
4.546295469532399380e+00 3.794275152926406008e+05
4.577840538376616308e+00 3.675057150109735085e+05
4.609604486828433600e+00 3.558411370476903976e+05
4.641588833612777520e+00 3.444330868828707025e+05
4.673795107992464004e+00 3.332806557019734755e+05
4.706224849841281532e+00 3.223827238092859625e+05
4.738879609717651320e+00 3.117379646114029456e+05
4.771760948938745805e+00 3.013448491469352157e+05
4.804870439655129388e+00 2.912016511364892358e+05
4.838209664925956943e+00 2.813064525248649879e+05
4.871780218794630635e+00 2.716571494856796344e+05
4.905583706365045593e+00 2.622514588570472552e+05
4.939621743878320537e+00 2.530869249756393547e+05
4.973895958790062188e+00 2.441609268753893848e+05
5.008407989848212338e+00 2.354706858162556309e+05
5.043159487171358535e+00 2.270132731079992664e+05
5.078152112327675383e+00 2.187856181935099012e+05
5.113387538414325917e+00 2.107845169563353120e+05
5.148867450137492696e+00 2.030066402170999791e+05
5.184593543892913381e+00 1.954485423840965377e+05
5.220567527846974976e+00 1.881066702239711594e+05
5.256791122018424467e+00 1.809773717192640470e+05
5.293266058360561743e+00 1.740569049808218551e+05
5.329994080844087989e+00 1.673414471842322673e+05
5.366976945540476329e+00 1.608271035010803898e+05
5.404216420705915347e+00 1.545099159973622300e+05
5.441714286865892980e+00 1.483858724731738912e+05
5.479472336900286678e+00 1.424509152197760122e+05
5.517492376129123244e+00 1.367009496720090392e+05
5.555776222398877806e+00 1.311318529362244590e+05
5.594325706169377632e+00 1.257394821758872567e+05
5.633142670601357871e+00 1.205196828392451571e+05
5.672228971644543094e+00 1.154682967155212827e+05
5.711586478126428723e+00 1.105811698082352814e+05
5.751217071841614015e+00 1.058541600162595860e+05
5.791122647641758547e+00 1.012831446151564160e+05
5.831305113526224382e+00 9.686402753321404452e+04
5.871766390733255570e+00 9.259274641814650386e+04
5.912508413831875309e+00 8.846527949200243165e+04
5.953533130814370189e+00 8.447765219288996013e+04
5.994842503189408589e+00 8.062594360320465057e+04
6.036438506075869626e+00 7.690629266448515409e+04
6.078323128297229871e+00 7.331490417933554272e+04
6.120498372476696147e+00 6.984805460057992605e+04
6.162966255132942273e+00 6.650209760707200621e+04
6.205728806776500406e+00 6.327346946434056736e+04
6.248788072006894012e+00 6.015869416631889180e+04
6.292146109610343707e+00 5.715438835185310018e+04
6.335804992658247592e+00 5.425726598634116090e+04
6.379766808606282424e+00 5.146414279476590309e+04
6.424033659394190465e+00 4.877194042738858116e+04
6.468607661546327492e+00 4.617769033350514655e+04
6.513490946272802340e+00 4.367853731195799628e+04
6.558685659571428239e+00 4.127174269932280731e+04
6.604193962330305645e+00 3.895468714822712354e+04
6.650018030431118277e+00 3.672487293888607383e+04
6.696160054853222299e+00 3.457992575696959102e+04
6.742622241778342129e+00 3.251759586050813232e+04
6.789406812696105575e+00 3.053575854799462104e+04
6.836516004510238886e+00 2.863241382957094538e+04
6.883952069645496330e+00 2.680568519367730914e+04
6.931717276155407781e+00 2.505381735352492615e+04
6.979813907830660469e+00 2.337517285191566043e+04
7.028244264308345812e+00 2.176822740033616719e+04
7.077010661181889262e+00 2.023156382989562917e+04
7.126115430111745752e+00 1.876386453884827642e+04
7.175560918936928267e+00 1.736390233539676410e+04
7.225349491787214085e+00 1.603052959658885993e+04
7.275483529196224985e+00 1.476266569569541571e+04
7.325965428215230446e+00 1.355928269262949652e+04
7.376797602527730646e+00 1.241938933552970411e+04
7.427982482564917888e+00 1.134201348703190342e+04
7.479522515621821022e+00 1.032618316556082027e+04
7.531420165974368253e+00 9.370906479020113693e+03
7.583677914997190683e+00 8.475150823187315837e+03
7.636298261282241207e+00 7.637821816262899119e+03
7.689283720758313123e+00 6.857742539309258063e+03
7.742636826811269302e+00 6.133633743215591494e+03
7.796360130405228794e+00 5.464095758438794292e+03
7.850456200204509294e+00 4.847592895270639929e+03
7.904927622696420464e+00 4.282441140384210485e+03
7.959777002314985417e+00 3.766799930940354898e+03
8.015006961565404708e+00 3.298668712955268802e+03
8.070620141149499105e+00 2.875888860827266853e+03
8.126619200091946382e+00 2.496151348676010002e+03
8.183006815867390316e+00 2.157010325167628253e+03
8.239785684528520449e+00 1.855902461323203852e+03
8.296958520834905926e+00 1.590171631156626063e+03
8.354528058382863165e+00 1.357098169174231998e+03
8.412497049736117560e+00 1.153931652464483932e+03
8.470868266557403103e+00 9.779259059056503247e+02
8.529644499741024788e+00 8.263747533921193735e+02
8.588828559546250574e+00 6.966469576693712042e+02
8.648423275731717652e+00 5.862188199218608133e+02
8.708431497690723333e+00 4.927030502655289865e+02
8.768856094587427208e+00 4.138727620314025444e+02
8.829699955494092478e+00 3.476797645896735389e+02
8.890965989529158620e+00 2.922667004906127772e+02
8.952657125996401177e+00 2.459729567252910840e+02
9.014776314524917566e+00 2.073346407938039988e+02
9.077326525210223096e+00 1.750792190487059088e+02
9.140310748756231618e+00 1.481156457460355114e+02
9.203731996618220279e+00 1.255209560084023224e+02
9.267593301146883178e+00 1.065243552239333411e+02
9.331897715733239451e+00 9.048982087604640867e+01
9.396648314954690662e+00 7.689815543621401162e+01
9.461848194722001892e+00 6.532930761609249259e+01
9.527500472427290035e+00 5.544562995001201244e+01
9.593608287093147169e+00 4.697657710990575453e+01
9.660174799522645017e+00 3.970518295499540073e+01
9.727203192450536662e+00 3.345649478446620861e+01
9.794696670695396179e+00 2.808799917627368359e+01
9.862658461312820535e+00 2.348195268441873296e+01
9.931091813749800323e+00 1.953943839901661406e+01
1.000000000000000000e+01 1.617590921352364930e+01
