1.000000000000000021e-02 4.578950984054440260e+08
1.007072300075525194e-02 4.576683269765204191e+08
1.014194617579408653e-02 4.574400839250899553e+08
1.021367306249912864e-02 4.572103606331164837e+08
1.028590722327043204e-02 4.569791484452331662e+08
1.035865224570241272e-02 4.567464386687810421e+08
1.043191174276203274e-02 4.565122225738415122e+08
1.050568935296824179e-02 4.562764913932856917e+08
1.057998874057268328e-02 4.560392363228147030e+08
1.065481359574169638e-02 4.558004485210138559e+08
1.073016763473956872e-02 4.555601191094043255e+08
1.080605460011313523e-02 4.553182391725053787e+08
1.088247826087764512e-02 4.550747997578913569e+08
1.095944241270395240e-02 4.548297918762625456e+08
1.103695087810703176e-02 4.545832065015158653e+08
1.111500750663583711e-02 4.543350345708172917e+08
1.119361617506448199e-02 4.540852669846854210e+08
1.127278078758479039e-02 4.538338946070721745e+08
1.135250527600020591e-02 4.535809082654544711e+08
1.143279359992106260e-02 4.533262987509260774e+08
1.151364974696124886e-02 4.530700568182945251e+08
1.159507773293625386e-02 4.528121731861873865e+08
1.167708160206261912e-02 4.525526385371571183e+08
1.175966542715880039e-02 4.522914435177934766e+08
1.184283330984744684e-02 4.520285787388429046e+08
1.192658938075911480e-02 4.517640347753300071e+08
1.201093779973742143e-02 4.514978021666849256e+08
1.209588275604562765e-02 4.512298714168797135e+08
1.218142846857475994e-02 4.509602329945598841e+08
1.226757918605306599e-02 4.506888773331940174e+08
1.235433918725710109e-02 4.504157948312212825e+08
1.244171278122420399e-02 4.501409758522025943e+08
1.252970430746651841e-02 4.498644107249872684e+08
1.261831813618652202e-02 4.495860897438713908e+08
1.270755866849407681e-02 4.493060031687772274e+08
1.279743033662500765e-02 4.490241412254247069e+08
1.288793760416124916e-02 4.487404941055146456e+08
1.297908496625252428e-02 4.484550519669235945e+08
1.307087694983959970e-02 4.481678049338955879e+08
1.316331811387913206e-02 4.478787430972411036e+08
1.325641304957008229e-02 4.475878565145522356e+08
1.335016638058175026e-02 4.472951352104102969e+08
1.344458276328341223e-02 4.470005691766086221e+08
1.353966688697558728e-02 4.467041483723821640e+08
1.363542347412293083e-02 4.464058627246381640e+08
1.373185728058879534e-02 4.461057021281974316e+08
1.382897309587140591e-02 4.458036564460430145e+08
1.392677574334177416e-02 4.454997155095749497e+08
1.402527008048323233e-02 4.451938691188655496e+08
1.412446099913269512e-02 4.448861070429381728e+08
1.422435342572361469e-02 4.445764190200321674e+08
1.432495232153065817e-02 4.442647947578911781e+08
1.442626268291611474e-02 4.439512239340525866e+08
1.452828954157804955e-02 4.436356961961443424e+08
1.463103796480020279e-02 4.433182011621904969e+08
1.473451305570367201e-02 4.429987284209221601e+08
1.483871995350035354e-02 4.426772675320993662e+08
1.494366383374819141e-02 4.423538080268388391e+08
1.504934990860823212e-02 4.420283394079518914e+08
1.515578342710348879e-02 4.417008511502844691e+08
1.526296967537963539e-02 4.413713327010725737e+08
1.537091397696756234e-02 4.410397734803019762e+08
1.547962169304777091e-02 4.407061628810776472e+08
1.558909822271661340e-02 4.403704902699995041e+08
1.569934900325450217e-02 4.400327449875493050e+08
1.581037951039591591e-02 4.396929163484839201e+08
1.592219525860137305e-02 4.393509936422394514e+08
1.603480180133130470e-02 4.390069661333448887e+08
1.614820473132189474e-02 4.386608230618370175e+08
1.626240968086281949e-02 4.383125536436979175e+08
1.637742232207700654e-02 4.379621470712881684e+08
1.649324836720234000e-02 4.376095925137991309e+08
1.660989356887536059e-02 4.372548791177072525e+08
1.672736372041698505e-02 4.368979960072434545e+08
1.684566465612022737e-02 4.365389322848719954e+08
1.696480225153998087e-02 4.361776770317683816e+08
1.708478242378481601e-02 4.358142193083261847e+08
1.720561113181088078e-02 4.354485481546584964e+08
1.732729437671784445e-02 4.350806525911108255e+08
1.744983820204696473e-02 4.347105216187930107e+08
1.757324869408119494e-02 4.343381442201130986e+08
1.769753198214757753e-02 4.339635093593219519e+08
1.782269423892153190e-02 4.335866059830766916e+08
1.794874168073351886e-02 4.332074230210016370e+08
1.807568056787775199e-02 4.328259493862714767e+08
1.820351720492312600e-02 4.324421739761983156e+08
1.833225794102632741e-02 4.320560856728335023e+08
1.846190917024719685e-02 4.316676733435780406e+08
1.859247733186627366e-02 4.312769258418046832e+08
1.872396891070463379e-02 4.308838320074912906e+08
1.885639043744594123e-02 4.304883806678686142e+08
1.898974848896082396e-02 4.300905606380729675e+08
1.912404968863350846e-02 4.296903607218158245e+08
1.925930070669077884e-02 4.292877697120651603e+08
1.939550826053327084e-02 4.288827763917343020e+08
1.953267911506909038e-02 4.284753695343881249e+08
1.967082008304981214e-02 4.280655379049556255e+08
1.980993802540879922e-02 4.276532702604616880e+08
1.995003985160205898e-02 4.272385553507626653e+08
2.009113251995126373e-02 4.268213819193024635e+08
2.023322303798951588e-02 4.264017387038745284e+08
2.037631846280920506e-02 4.259796144374019504e+08
2.052042590141265818e-02 4.255549978487266302e+08
2.066555251106502733e-02 4.251278776634124517e+08
2.081170549964980396e-02 4.246982426045609117e+08
2.095889212602678603e-02 4.242660813936426044e+08
2.110711970039261254e-02 4.238313827513345480e+08
2.125639558464381684e-02 4.233941353983837366e+08
2.140672719274248903e-02 4.229543280564688444e+08
2.155812199108446750e-02 4.225119494490873814e+08
2.171058749887019856e-02 4.220669883024516106e+08
2.186413128847815648e-02 4.216194333463969231e+08
2.201876098584095234e-02 4.211692733153069019e+08
2.217448427082409704e-02 4.207164969490528703e+08
2.233130887760736982e-02 4.202610929939432740e+08
2.248924259506905957e-02 4.198030502036927342e+08
2.264829326717266236e-02 4.193423573404021859e+08
2.280846879335661492e-02 4.188790031755524278e+08
2.296977712892648779e-02 4.184129764910162687e+08
2.313222628545019005e-02 4.179442660800827146e+08
2.329582433115584897e-02 4.174728607484935522e+08
2.346057939133250336e-02 4.169987493155004382e+08
2.362649964873369049e-02 4.165219206149354577e+08
2.379359334398382583e-02 4.160423634962903261e+08
2.396186877598750070e-02 4.155600668258199692e+08
2.413133430234164212e-02 4.150750194876561761e+08
2.430199833975061827e-02 4.145872103849392533e+08
2.447386936444424788e-02 4.140966284409604669e+08
2.464695591259880372e-02 4.136032626003274918e+08
2.482126658076094089e-02 4.131071018301382065e+08
2.499681002627468854e-02 4.126081351211764812e+08
2.517359496771140112e-02 4.121063514891191125e+08
2.535163018530280088e-02 4.116017399757632613e+08
2.553092452137699364e-02 4.110942896502640843e+08
2.571148688079777020e-02 4.105839896103969812e+08
2.589332623140670059e-02 4.100708289838249087e+08
2.607645160446868046e-02 4.095547969293940663e+08
2.626087209512039181e-02 4.090358826384403706e+08
2.644659686282207003e-02 4.085140753361079693e+08
2.663363513181239359e-02 4.079893642826940417e+08
2.682199619156662093e-02 4.074617387750023007e+08
2.701168939725797496e-02 4.069311881477200389e+08
2.720272417022226788e-02 4.063977017748050690e+08
2.739510999842582201e-02 4.058612690708955526e+08
2.758885643693671091e-02 4.053218794927334189e+08
2.778397310839931383e-02 4.047795225406073928e+08
2.798046970351223545e-02 4.042341877598112822e+08
2.817835598150961879e-02 4.036858647421199679e+08
2.837764177064582352e-02 4.031345431272853017e+08
2.857833696868360487e-02 4.025802126045446396e+08
2.878045154338559897e-02 4.020228629141520858e+08
2.898399553300954820e-02 4.014624838489233255e+08
2.918897904680665956e-02 4.008990652558012009e+08
2.939541226552391112e-02 4.003325970374340415e+08
2.960330544190947072e-02 3.997630691537818313e+08
2.981266890122208357e-02 3.991904716237253547e+08
3.002351304174380453e-02 3.986147945267100930e+08
3.023584833529646340e-02 3.980360280043922067e+08
3.044968532776174894e-02 3.974541622623127103e+08
3.066503463960499817e-02 3.968691875715880394e+08
3.088190696640265992e-02 3.962810942706142664e+08
3.110031307937351219e-02 3.956898727667950392e+08
3.132026382591362318e-02 3.950955135382838845e+08
3.154177013013510084e-02 3.944980071357443929e+08
3.176484299340867623e-02 3.938973441841337681e+08
3.198949349490998878e-02 3.932935153844963908e+08
3.221573279217006952e-02 3.926865115157811642e+08
3.244357212162921750e-02 3.920763234366790652e+08
3.267302279919534480e-02 3.914629420874712467e+08
3.290409622080571472e-02 3.908463584919013381e+08
3.313680386299322489e-02 3.902265637590654492e+08
3.337115728345611820e-02 3.896035490853195190e+08
3.360716812163228734e-02 3.889773057562016845e+08
3.384484809927709725e-02 3.883478251483798623e+08
3.408420902104575267e-02 3.877150987316105366e+08
3.432526277507950974e-02 3.870791180707212687e+08
3.456802133359612728e-02 3.864398748276050687e+08
3.481249675348448147e-02 3.857973607632416487e+08
3.505870117690337157e-02 3.851515677397277355e+08
3.530664683188459996e-02 3.845024877223306298e+08
3.555634603294027807e-02 3.838501127815589905e+08
3.580781118167446209e-02 3.831944350952503085e+08
3.606105476739899368e-02 3.825354469506777525e+08
3.631608936775400365e-02 3.818731407466723919e+08
3.657292764933233603e-02 3.812075089957678318e+08
3.683158236830890581e-02 3.805385443263567686e+08
3.709206637107399090e-02 3.798662394848692417e+08
3.735439259487154801e-02 3.791905873379666805e+08
3.761857406844143492e-02 3.785115808747542500e+08
3.788462391266684409e-02 3.778292132090098858e+08
3.815255534122564268e-02 3.771434775814279318e+08
3.842238166124687521e-02 3.764543673618897796e+08
3.869411627397156828e-02 3.757618760517352819e+08
3.896777267541835788e-02 3.750659972860656977e+08
3.924336445705377263e-02 3.743667248360586762e+08
3.952090530646725636e-02 3.736640526112948060e+08
3.980040900805101312e-02 3.729579746621050835e+08
4.008188944368458462e-02 3.722484851819407344e+08
4.036536059342434729e-02 3.715355785097431540e+08
4.065083653619782494e-02 3.708192491323480010e+08
4.093833145050296274e-02 3.700994916868900061e+08
4.122785961511220981e-02 3.693763009632346034e+08
4.151943540978193792e-02 3.686496719064170122e+08
4.181307331596628013e-02 3.679195996191037297e+08
4.210878791753674966e-02 3.671860793640592098e+08
4.240659390150620239e-02 3.664491065666408539e+08
4.270650605875861427e-02 3.657086768172938228e+08
4.300853928478336891e-02 3.649647858740736842e+08
4.331270858041539468e-02 3.642174296651706100e+08
4.361902905257986768e-02 3.634666042914615273e+08
4.392751591504276409e-02 3.627123060290613770e+08
4.423818448916636004e-02 3.619545313318976760e+08
4.455105020467018534e-02 3.611932768342952728e+08
4.486612860039740358e-02 3.604285393535723090e+08
4.518343532508652116e-02 3.596603158926507235e+08
4.550298613814861975e-02 3.588886036426795721e+08
4.582479691045007048e-02 3.581133999856660366e+08
4.614888362510079917e-02 3.573347024971248507e+08
4.647526237824797790e-02 3.565525089487310052e+08
4.680394937987573944e-02 3.557668173109920025e+08
4.713496095460989466e-02 3.549776257559214830e+08
4.746831354252908225e-02 3.541849326597299576e+08
4.780402369998094231e-02 3.533887366055250764e+08
4.814210810040474992e-02 3.525890363860162497e+08
4.848258353515916275e-02 3.517858310062321424e+08
4.882546691435655367e-02 3.509791196862478256e+08
4.917077526770251283e-02 3.501689018639169931e+08
4.951852574534191392e-02 3.493551771976137161e+08
4.986873561871059402e-02 3.485379455689812899e+08
5.022142228139315351e-02 3.477172070856899023e+08
5.057660324998683454e-02 3.468929620841959119e+08
5.093429616497152645e-02 3.460652111325137615e+08
5.129451879158587746e-02 3.452339550329871774e+08
5.165728902070963746e-02 3.443991948250685334e+08
5.202262486975225975e-02 3.435609317881031632e+08
5.239054448354760196e-02 3.427191674441180229e+08
5.276106613525543415e-02 3.418739035606108904e+08
5.313420822726856035e-02 3.410251421533440351e+08
5.350998929212727462e-02 3.401728854891414642e+08
5.388842799343931261e-02 3.393171360886904001e+08
5.426954312680727643e-02 3.384578967293346524e+08
5.465335362076168685e-02 3.375951704478791952e+08
5.503987853770153649e-02 3.367289605433896780e+08
5.542913707484062313e-02 3.358592705799939036e+08
5.582114856516131457e-02 3.349861043896753192e+08
5.621593247837461393e-02 3.341094660750767589e+08
5.661350842188714316e-02 3.332293600122904778e+08
5.701389614177500287e-02 3.323457908536511064e+08
5.741711552376446703e-02 3.314587635305232406e+08
5.782318659421962354e-02 3.305682832560848594e+08
5.823212952113703683e-02 3.296743555281065702e+08
5.864396461514737036e-02 3.287769861317201257e+08
5.905871233052416985e-02 3.278761811421887279e+08
5.947639326619979377e-02 3.269719469276633263e+08
5.989702816678827563e-02 3.260642901519325376e+08
6.032063792361602034e-02 3.251532177771654725e+08
6.074724357575890521e-02 3.242387370666420460e+08
6.117686631108772838e-02 3.233208555874758363e+08
6.160952746731999941e-02 3.223995812133235335e+08
6.204524853308023002e-02 3.214749221270846725e+08
6.248405114896668500e-02 3.205468868235840797e+08
6.292595710862668168e-02 3.196154841122478247e+08
6.337098835983850931e-02 3.186807231197562814e+08
6.381916700560190392e-02 3.177426132926894426e+08
6.427051530523558709e-02 3.168011644001486301e+08
6.472505567548285377e-02 3.158563865363698006e+08
6.518281069162494556e-02 3.149082901233085990e+08
6.564380308860226498e-02 3.139568859132149220e+08
6.610805576214355550e-02 3.130021849911829233e+08
6.657559176990297811e-02 3.120441987776820660e+08
6.704643433260544516e-02 3.110829390310642123e+08
6.752060683519958695e-02 3.101184178500512838e+08
6.799813282801971115e-02 3.091506476761956811e+08
6.847903602795485378e-02 3.081796412963169813e+08
6.896334031962729483e-02 3.072054118449152708e+08
6.945106975657823478e-02 3.062279728065531254e+08
6.994224856246301913e-02 3.052473380182142854e+08
7.043690113225370419e-02 3.042635216716285348e+08
7.093505203345112919e-02 3.032765383155732155e+08
7.143672600730469058e-02 3.022864028581357002e+08
7.194194797004142827e-02 3.012931305689508319e+08
7.245074301410338313e-02 3.002967370814005136e+08
7.296313640939389167e-02 2.992972383947823048e+08
7.347915360453260991e-02 2.982946508764390349e+08
7.399882022811947457e-02 2.972889912638548613e+08
7.452216209000757374e-02 2.962802766667118073e+08
7.504920518258503814e-02 2.952685245689093471e+08
7.557997568206598071e-02 2.942537528305422068e+08
7.611449994979041511e-02 2.932359796898369789e+08
7.665280453353393031e-02 2.922152237650476098e+08
7.719491616882562246e-02 2.911915040563070178e+08
7.774086178027660166e-02 2.901648399474329352e+08
7.829066848291661718e-02 2.891352512076909542e+08
7.884436358354129926e-02 2.881027579935032725e+08
7.940197458206788017e-02 2.870673808501195312e+08
7.996352917290153184e-02 2.860291407132287621e+08
8.052905524631030765e-02 2.849880589105253220e+08
8.109858088981077018e-02 2.839441571632215381e+08
8.167213438956276439e-02 2.828974575875074267e+08
8.224974423177437710e-02 2.818479826959546804e+08
8.283143910411668032e-02 2.807957553988665938e+08
8.341724789714859145e-02 2.797407990055683851e+08
8.400719970575169782e-02 2.786831372256431580e+08
8.460132383057535066e-02 2.776227941701018810e+08
8.519964977949186224e-02 2.765597943525005579e+08
8.580220726906208351e-02 2.754941626899865866e+08
8.640902622601134841e-02 2.744259245042883158e+08
8.702013678871559077e-02 2.733551055226373672e+08
8.763556930869868811e-02 2.722817318786206841e+08
8.825535435213924251e-02 2.712058301129750013e+08
8.887952270138943511e-02 2.701274271743009090e+08
8.950810535650306765e-02 2.690465504197160602e+08
9.014113353677602469e-02 2.679632276154317558e+08
9.077863868229606170e-02 2.668774869372593164e+08
9.142065245550498598e-02 2.657893569710402191e+08
9.206720674277062144e-02 2.646988667130045891e+08
9.271833365597090260e-02 2.636060455700480044e+08
9.337406553408859888e-02 2.625109233599352539e+08
9.403443494481743270e-02 2.614135303114226162e+08
9.469947468617964659e-02 2.603138970642988086e+08
9.536921778815490858e-02 2.592120546693445146e+08
9.604369751432086100e-02 2.581080345882130265e+08
9.672294736350511846e-02 2.570018686932175756e+08
9.740700107144910358e-02 2.558935892670424283e+08
9.809589261248334580e-02 2.547832290023611784e+08
9.878965620121538116e-02 2.536708210013678372e+08
9.948832629422829643e-02 2.525563987752224803e+08
1.001919375917929012e-01 2.514399962433971465e+08
1.009005250395903497e-01 2.503216477329420447e+08
1.016141238304483774e-01 2.492013879776457846e+08
1.023327694060888887e-01 2.480792521171128750e+08
1.030564974588882854e-01 2.469552756957353652e+08
1.037853439336501454e-01 2.458294946615777910e+08
1.045193450293905035e-01 2.447019453651527166e+08
1.052585372011357184e-01 2.435726645581085384e+08
1.060029571617329830e-01 2.424416893918090165e+08
1.067526418836738100e-01 2.413090574158146083e+08
1.075076286009302301e-01 2.401748065762602389e+08
1.082679548108041317e-01 2.390389752141312957e+08
1.090336582757895356e-01 2.379016020634319186e+08
1.098047770254481914e-01 2.367627262492499948e+08
1.105813493582983031e-01 2.356223872857134640e+08
1.113634138437166743e-01 2.344806250738405585e+08
1.121510093238543421e-01 2.333374798992800713e+08
1.129441749155656732e-01 2.321929924299416244e+08
1.137429500123512127e-01 2.310472037135158479e+08
1.145473742863140354e-01 2.299001551748826802e+08
1.153574876901303503e-01 2.287518886134056449e+08
1.161733304590336635e-01 2.276024462001150846e+08
1.169949431128130962e-01 2.264518704747766852e+08
1.178223664578259139e-01 2.253002043428415656e+08
1.186556415890241550e-01 2.241474910722837746e+08
1.194948098919957069e-01 2.229937742903215587e+08
1.203399130450197446e-01 2.218390979800184369e+08
1.211909930211367420e-01 2.206835064767677784e+08
1.220480920902330957e-01 2.195270444646573663e+08
1.229112528211405708e-01 2.183697569727176428e+08
1.237805180837504154e-01 2.172116893710460961e+08
1.246559310511426849e-01 2.160528873668136299e+08
1.255375352017303325e-01 2.148933970001488328e+08
1.264253743214187875e-01 2.137332646399003863e+08
1.273194925057804794e-01 2.125725369792798460e+08
1.282199341622450028e-01 2.114112610313778818e+08
1.291267440123044785e-01 2.102494841245626211e+08
1.300399670937350260e-01 2.090872538977507353e+08
1.309596487628333639e-01 2.079246182955578566e+08
1.318858346966695072e-01 2.067616255633248985e+08
1.328185708953554534e-01 2.055983242420199215e+08
1.337579036843298264e-01 2.044347631630171537e+08
1.347038797166586199e-01 2.032709914427517354e+08
1.356565459753522884e-01 2.021070584772500098e+08
1.366159497756992691e-01 2.009430139365372360e+08
1.375821387676158802e-01 1.997789077589197755e+08
1.385551609380130111e-01 1.986147901451457143e+08
1.395350646131793271e-01 1.974507115524389148e+08
1.405218984611815436e-01 1.962867226884126961e+08
1.415157114942815209e-01 1.951228745048595369e+08
1.425165530713705109e-01 1.939592181914167702e+08
1.435244729004207798e-01 1.927958051691114604e+08
1.445395210409541331e-01 1.916326870837838650e+08
1.455617479065285380e-01 1.904699157993870974e+08
1.465912042672414539e-01 1.893075433911688626e+08
1.476279412522520096e-01 1.881456221387313306e+08
1.486720103523199443e-01 1.869842045189717710e+08
1.497234634223631455e-01 1.858233431989052296e+08
1.507823526840330053e-01 1.846630910283678770e+08
1.518487307283081789e-01 1.835035010326052010e+08
1.529226505181064122e-01 1.823446264047426283e+08
1.540041653909151320e-01 1.811865204981409609e+08
1.550933290614404936e-01 1.800292368186387718e+08
1.561901956242751632e-01 1.788728290166824162e+08
1.572948195565850305e-01 1.777173508793408275e+08
1.584072557208147936e-01 1.765628563222153485e+08
1.595275593674128634e-01 1.754093993812345564e+08
1.606557861375753626e-01 1.742570342043470740e+08
1.617919920660097211e-01 1.731058150431028903e+08
1.629362335837175324e-01 1.719557962441338301e+08
1.640885675207974514e-01 1.708070322405282855e+08
1.652490511092676861e-01 1.696595775431067944e+08
1.664177419859082518e-01 1.685134867315956652e+08
1.675946981951239312e-01 1.673688144457046390e+08
1.687799781918269126e-01 1.662256153761063516e+08
1.699736408443401348e-01 1.650839442553232014e+08
1.711757454373208642e-01 1.639438558485235870e+08
1.723863516747053126e-01 1.628054049442240298e+08
1.736055196826738478e-01 1.616686463449067771e+08
1.748333100126372164e-01 1.605336348575513065e+08
1.760697836442439157e-01 1.594004252840814292e+08
1.773150019884087991e-01 1.582690724117319584e+08
1.785690268903631917e-01 1.571396310033385456e+08
1.798319206327263775e-01 1.560121557875472903e+08
1.811037459385990422e-01 1.548867014489563704e+08
1.823845659746785031e-01 1.537633226181821227e+08
1.836744443543958660e-01 1.526420738618600070e+08
1.849734451410754987e-01 1.515230096725795865e+08
1.862816328511169850e-01 1.504061844587565064e+08
1.875990724571989232e-01 1.492916525344454348e+08
1.889258293915064280e-01 1.481794681090957522e+08
1.902619695489806417e-01 1.470696852772557735e+08
1.916075592905914782e-01 1.459623580082244575e+08
1.929626654466335411e-01 1.448575401356565356e+08
1.943273553200453030e-01 1.437552853471240699e+08
1.957016966897518750e-01 1.426556471736383438e+08
1.970857578140312316e-01 1.415586789791317880e+08
1.984796074339043592e-01 1.404644339499091208e+08
1.998833147765493590e-01 1.393729650840654969e+08
2.012969495587398072e-01 1.382843251808811128e+08
2.027205819903070694e-01 1.371985668301883936e+08
2.041542827776276492e-01 1.361157424017245173e+08
2.055981231271346577e-01 1.350359040344636738e+08
2.070521747488545394e-01 1.339591036259404570e+08
2.085165098599685296e-01 1.328853928215640634e+08
2.099912011883994234e-01 1.318148230039279014e+08
2.114763219764238811e-01 1.307474452821182162e+08
2.129719459843095464e-01 1.296833104810298085e+08
2.144781474939791432e-01 1.286224691306835860e+08
2.159950013126993307e-01 1.275649714555615038e+08
2.175225827767962028e-01 1.265108673639536500e+08
2.190609677553969625e-01 1.254602064373270124e+08
2.206102326541981018e-01 1.244130379197170734e+08
2.221704544192600328e-01 1.233694107071500719e+08
2.237417105408288365e-01 1.223293733370950222e+08
2.253240790571848784e-01 1.212929739779550284e+08
2.269176385585186528e-01 1.202602604185981005e+08
2.285224681908340771e-01 1.192312800579349399e+08
2.301386476598793196e-01 1.182060798945457339e+08
2.317662572351055494e-01 1.171847065163618177e+08
2.334053777536536090e-01 1.161672060904059559e+08
2.350560906243687465e-01 1.151536243525960445e+08
2.367184778318441318e-01 1.141440065976158530e+08
2.383926219404925162e-01 1.131383976688590348e+08
2.400786060986470349e-01 1.121368419484484494e+08
2.417765140426904880e-01 1.111393833473374695e+08
2.434864301012148458e-01 1.101460652954971492e+08
2.452084391992090384e-01 1.091569307321920395e+08
2.469426268622770260e-01 1.081720220963520110e+08
2.486890792208855117e-01 1.071913813170433640e+08
2.504478830146416590e-01 1.062150498040408939e+08
2.522191255966012569e-01 1.052430684385121614e+08
2.540028949376070266e-01 1.042754775638103336e+08
2.557992796306578498e-01 1.033123169763862938e+08
2.576083688953090811e-01 1.023536259168212116e+08
2.594302525821032823e-01 1.013994430609855652e+08
2.612650211770332076e-01 1.004498065113265812e+08
2.631127658060356533e-01 9.950475378829304874e+07
2.649735782395173378e-01 9.856432182189649343e+07
2.668475508969128662e-01 9.762854694341622293e+07
2.687347768512748369e-01 9.669746487725268304e+07
2.706353498338964769e-01 9.577111073293043673e+07
2.725493642389665849e-01 9.484951899725955725e+07
2.744769151282581698e-01 9.393272352665418386e+07
2.764180982358496741e-01 9.302075753961692750e+07
2.783730099728796148e-01 9.211365360939076543e+07
2.803417474323349756e-01 9.121144365678220987e+07
2.823244083938735716e-01 9.031415894316153228e+07
2.843210913286801644e-01 8.942183006364139915e+07
2.863318954043574394e-01 8.853448694044044614e+07
2.883569204898509541e-01 8.765215881643234193e+07
2.903962671604095047e-01 8.677487424888716638e+07
2.924500367025803516e-01 8.590266110340656340e+07
2.945183311192393627e-01 8.503554654805618525e+07
2.966012531346575165e-01 8.417355704770022631e+07
2.986989061996026540e-01 8.331671835854028165e+07
3.008113944964773689e-01 8.246505552286224067e+07
3.029388229444936464e-01 8.161859286399284005e+07
3.050812972048835281e-01 8.077735398147206008e+07
3.072389236861471362e-01 7.994136174644099176e+07
3.094118095493369469e-01 7.911063829724989831e+07
3.116000627133811429e-01 7.828520503528924286e+07
3.138037918604426602e-01 7.746508262104469538e+07
3.160231064413173696e-01 7.665029097038079798e+07
3.182581166808700068e-01 7.584084925105421245e+07
3.205089335835086262e-01 7.503677587945960462e+07
3.227756689386978017e-01 7.423808851760947704e+07
3.250584353265106308e-01 7.344480407035125792e+07
3.273573461232204274e-01 7.265693868282240629e+07
3.296725155069314406e-01 7.187450773814633489e+07
3.320040584632497072e-01 7.109752585536968708e+07
3.343520907909940387e-01 7.032600688764388859e+07
3.367167291079471991e-01 6.955996392065176368e+07
3.390980908566479379e-01 6.879940927127966285e+07
3.414962943102238802e-01 6.804435448653785884e+07
3.439114585782656608e-01 6.729481034272946417e+07
3.463437036127426927e-01 6.655078684486799687e+07
3.487931502139609563e-01 6.581229322634656727e+07
3.512599200365618679e-01 6.507933794885618985e+07
3.537441355955653899e-01 6.435192870255677402e+07
3.562459202724545526e-01 6.363007240649880469e+07
3.587653983213029973e-01 6.291377520929708332e+07
3.613026948749465395e-01 6.220304249005670100e+07
3.638579359511981415e-01 6.149787885955025256e+07
3.664312484591062402e-01 6.079828816164661199e+07
3.690227602052583711e-01 6.010427347499071807e+07
3.716325999001285352e-01 5.941583711493432522e+07
3.742608971644698634e-01 5.873298063571614772e+07
3.769077825357523004e-01 5.805570483289092779e+07
3.795733874746459180e-01 5.738400974600683898e+07
3.822578443715502483e-01 5.671789466152962297e+07
3.849612865531692463e-01 5.605735811601202935e+07
3.876838482891335480e-01 5.540239789950768650e+07
3.904256647986686923e-01 5.475301105922733992e+07
3.931868722573115260e-01 5.410919390343572944e+07
3.959676078036724056e-01 5.347094200558802485e+07
3.987680095462478591e-01 5.283825020870184153e+07
4.015882165702788220e-01 5.221111262996547669e+07
4.044283689446588892e-01 5.158952266557730734e+07
4.072886077288907503e-01 5.097347299581593275e+07
4.101690749800923075e-01 5.036295559033691138e+07
4.130699137600521431e-01 4.975796171369468421e+07
4.159912681423345582e-01 4.915848193108573556e+07
4.189332832194354039e-01 4.856450611431080103e+07
4.218961051099882620e-01 4.797602344795201719e+07
4.248798809660214726e-01 4.739302243576296419e+07
4.278847589802665663e-01 4.681549090726706386e+07
4.309108883935188206e-01 4.624341602456130087e+07
4.339584195020489421e-01 4.567678428932160139e+07
4.370275036650680955e-01 4.511558155000604689e+07
4.401182933122451679e-01 4.455979300925180316e+07
4.432309419512773796e-01 4.400940323146203160e+07
4.463656041755147408e-01 4.346439615057837218e+07
4.495224356716371328e-01 4.292475507803519070e+07
4.527015932273878995e-01 4.239046271089023352e+07
4.559032347393603413e-01 4.186150114012848586e+07
4.591275192208397193e-01 4.133785185913387686e+07
4.623746068097009942e-01 4.081949577232418209e+07
4.656446587763621858e-01 4.030641320394463837e+07
4.689378375317941883e-01 3.979858390701528639e+07
4.722543066355869290e-01 3.929598707242694497e+07
4.755942308040729261e-01 3.879860133818110824e+07
4.789577759185079109e-01 3.830640479876822233e+07
4.823451090333097935e-01 3.781937501467973739e+07
4.857563983843552480e-01 3.733748902204808593e+07
4.891918133973358063e-01 3.686072334240949899e+07
4.926515246961721273e-01 3.638905399258461595e+07
4.961357041114884958e-01 3.592245649467071891e+07
4.996445246891469405e-01 3.546090588614084572e+07
5.031781606988416922e-01 3.500437673004364967e+07
5.067367876427550932e-01 3.455284312529862672e+07
5.103205822642723488e-01 3.410627871708160639e+07
5.139297225567620586e-01 3.366465670729346573e+07
5.175643877724148689e-01 3.322794986510797217e+07
5.212247584311469062e-01 3.279613053759198636e+07
5.249110163295651610e-01 3.236917066039256752e+07
5.286233445499967099e-01 3.194704176848531142e+07
5.323619274695821080e-01 3.152971500697794929e+07
5.361269507694319536e-01 3.111716114196366444e+07
5.399186014438497327e-01 3.070935057141804323e+07
5.437370678096185017e-01 3.030625333613416180e+07
5.475825395153544051e-01 2.990783913068978861e+07
5.514552075509251416e-01 2.951407731444121897e+07
5.553552642569362652e-01 2.912493692253744602e+07
5.592829033342839873e-01 2.874038667694967240e+07
5.632383198537749269e-01 2.836039499750993401e+07
5.672217102658154708e-01 2.798493001295316219e+07
5.712332724101683024e-01 2.761395957195744291e+07
5.752732055257772092e-01 2.724745125417630374e+07
5.793417102606648328e-01 2.688537238125800714e+07
5.834389886818962534e-01 2.652769002784591541e+07
5.875652442856156288e-01 2.617437103255466744e+07
5.917206820071527762e-01 2.582538200891685113e+07
5.959055082312018081e-01 2.548068935629449040e+07
6.001199308020712664e-01 2.514025927075039223e+07
6.043641590340068648e-01 2.480405775587401912e+07
6.086384037215878395e-01 2.447205063355670497e+07
6.129428771501955753e-01 2.414420355471115932e+07
6.172777931065576151e-01 2.382048200993028656e+07
6.216433668893651676e-01 2.350085134008057043e+07
6.260398153199665527e-01 2.318527674682483450e+07
6.304673567531356992e-01 2.287372330306998640e+07
6.349262110879171361e-01 2.256615596333504841e+07
6.394165997785471456e-01 2.226253957403481379e+07
6.439387458454530755e-01 2.196283888367480040e+07
6.484928738863298125e-01 2.166701855295306817e+07
6.530792100872936379e-01 2.137504316476502270e+07
6.576979822341180171e-01 2.108687723410625011e+07
6.623494197235451075e-01 2.080248521787054464e+07
6.670337535746800883e-01 2.052183152453815937e+07
6.717512164404640940e-01 2.024488052375121042e+07
6.765020426192301928e-01 1.997159655577220768e+07
6.812864680663391903e-01 1.970194394082230330e+07
6.861047304058990326e-01 1.943588698829578981e+07
6.909570689425669210e-01 1.917339000584761426e+07
6.958437246734341386e-01 1.891441730835062265e+07
7.007649402999958088e-01 1.865893322671967745e+07
7.057209602402049198e-01 1.840690211659941450e+07
7.107120306406113919e-01 1.815828836691325903e+07
7.157383993885877427e-01 1.791305640827059001e+07
7.208003161246399060e-01 1.767117072122995183e+07
7.258980322548068687e-01 1.743259584441562369e+07
7.310318009631461278e-01 1.719729638248537108e+07
7.362018772243095199e-01 1.696523701394712925e+07
7.414085178162047596e-01 1.673638249882305600e+07
7.466519813327513466e-01 1.651069768615824729e+07
7.519325281967220720e-01 1.628814752137337252e+07
7.572504206726776710e-01 1.606869705345883593e+07
7.626059228799925149e-01 1.585231144200932048e+07
7.679993008059726733e-01 1.563895596409743093e+07
7.734308223190661247e-01 1.542859602098499238e+07
7.789007571821667808e-01 1.522119714467117749e+07
7.844093770660128806e-01 1.501672500427633896e+07
7.899569555626795303e-01 1.481514541226066276e+07
7.955437681991671672e-01 1.461642433047728613e+07
8.011700924510857247e-01 1.442052787605879083e+07
8.068362077564360524e-01 1.422742232713715546e+07
8.125423955294883704e-01 1.403707412839645147e+07
8.182889391747590890e-01 1.384944989645822905e+07
8.240761241010862159e-01 1.366451642509962432e+07
8.299042377358052391e-01 1.348224069030393660e+07
8.357735695390229314e-01 1.330258985514414683e+07
8.416844110179957372e-01 1.312553127449940331e+07
8.476370557416067486e-01 1.295103249960499257e+07
8.536317993549460414e-01 1.277906128243622370e+07
8.596689395939948186e-01 1.260958557992687635e+07
8.657487763004120263e-01 1.244257355802281946e+07
8.718716114364273295e-01 1.227799359557171911e+07
8.780377490998374501e-01 1.211581428804965131e+07
8.842474955391103064e-01 1.195600445112575591e+07
8.905011591685945138e-01 1.179853312406581827e+07
8.967990505838379089e-01 1.164336957297617383e+07
9.031414825770128774e-01 1.149048329388917610e+07
9.095287701524522594e-01 1.133984401569149084e+07
9.159612305422938361e-01 1.119142170289679430e+07
9.224391832222362808e-01 1.104518655826439895e+07
9.289629499274063562e-01 1.090110902526536956e+07
9.355328546683381319e-01 1.075915979039781727e+07
9.421492237470657782e-01 1.061930978535330296e+07
9.488123857733281596e-01 1.048153018903591111e+07
9.555226716808922216e-01 1.034579242943615094e+07
9.622804147439870670e-01 1.021206818536149710e+07
9.690859505938573815e-01 1.008032938802572712e+07
9.759396172354327659e-01 9.950548222499001771e+06
9.828417550641149747e-01 9.822697129020968452e+06
9.897927068826842811e-01 9.696748804179010913e+06
9.967928179183249693e-01 9.572676201953852549e+06
1.003842435839772174e+00 9.450452534634998068e+06
1.010941910774576735e+00 9.330051273608118296e+06
1.018091595326499954e+00 9.211446150016780943e+06
1.025291844593018586e+00 9.094611155301287770e+06
1.032543016182969842e+00 8.979520541616506875e+06
1.039845470234303182e+00 8.866148822131741792e+06
1.047199569431976229e+00 8.754470771214613691e+06
1.054605679025959475e+00 8.644461424502138048e+06
1.062064166849384650e+00 8.536096078860841691e+06
1.069575403336805675e+00 8.429350292239205912e+06
1.077139761542605045e+00 8.324199883414374664e+06
1.084757617159513465e+00 8.220620931636473164e+06
1.092429348537277800e+00 8.118589776172406971e+06
1.100155336701443387e+00 8.018083015752510168e+06
1.107935965372287113e+00 7.919077507922112010e+06
1.115771620983866175e+00 7.821550368301176466e+06
1.123662692703219834e+00 7.725478969754285179e+06
1.131609572449690182e+00 7.630840941473926418e+06
1.139612654914390566e+00 7.537614167979678139e+06
1.147672337579811908e+00 7.445776788035819307e+06
1.155789020739555140e+00 7.355307193490379490e+06
1.163963107518223294e+00 7.266184028037862852e+06
1.172195003891432386e+00 7.178386185908805579e+06
1.180485118705984604e+00 7.091892810488305055e+06
1.188833863700164750e+00 7.006683292866658419e+06
1.197241653524198979e+00 6.922737270324326120e+06
1.205708905760839666e+00 6.840034624754225835e+06
1.214236040946114148e+00 6.758555481023609638e+06
1.222823482590202016e+00 6.678280205278489739e+06
1.231471657198479397e+00 6.599189403192794882e+06
1.240180994292690686e+00 6.521263918165300973e+06
1.248951926432292581e+00 6.444484829466335475e+06
1.257784889235926462e+00 6.368833450337404385e+06
1.266680321403064857e+00 6.294291326045580208e+06
1.275638664735789352e+00 6.220840231895861216e+06
1.284660364160743917e+00 6.148462171203291975e+06
1.293745867751222800e+00 6.077139373227855191e+06
1.302895626749429603e+00 6.006854291074261069e+06
1.312110095588891800e+00 5.937589599559035152e+06
1.321389731917021804e+00 5.869328193047580309e+06
1.330734996617857435e+00 5.802053183263197541e+06
1.340146353834941406e+00 5.735747897070751525e+06
1.349624270994383757e+00 5.670395874237069860e+06
1.359169218828067294e+00 5.605980865170566365e+06
1.368781671397037325e+00 5.542486828642224893e+06
1.378462106115035501e+00 5.479897929490334354e+06
1.388211003772222174e+00 5.418198536311084405e+06
1.398028848559044635e+00 5.357373219137456268e+06
1.407916128090296093e+00 5.297406747108339332e+06
1.417873333429321425e+00 5.238284086130381562e+06
1.427900959112419654e+00 5.179990396534415893e+06
1.437999503173392091e+00 5.122511030728921294e+06
1.448169467168291424e+00 5.065831530852395110e+06
1.458411356200319808e+00 5.009937626426988281e+06
1.468725678944921231e+00 4.954815232015358284e+06
1.479112947675050194e+00 4.900450444882850163e+06
1.489573678286602032e+00 4.846829542667183094e+06
1.500108390324049523e+00 4.793938981057591736e+06
1.510717607006233365e+00 4.741765391485625878e+06
1.521401855252361823e+00 4.690295578829400241e+06
1.532161665708166476e+00 4.639516519133768976e+06
1.542997572772272008e+00 4.589415357347917743e+06
1.553910114622723659e+00 4.539979405082897283e+06
1.564899833243730276e+00 4.491196138390736654e+06
1.575967274452568567e+00 4.443053195567524061e+06
1.587112987926705410e+00 4.395538374981988221e+06
1.598337527231085797e+00 4.348639632932172157e+06
1.609641449845637728e+00 4.302345081531630829e+06
1.621025317192948956e+00 4.256642986627683975e+06
1.632489694666161784e+00 4.211521765753296204e+06
1.644035151657044169e+00 4.166969986114923842e+06
1.655662261584273542e+00 4.122976362618142739e+06
1.667371601921921132e+00 4.079529755933150649e+06
1.679163754228121253e+00 4.036619170602207072e+06
1.691039304173968860e+00 3.994233753190915100e+06
1.702998841572593847e+00 3.952362790485497098e+06
1.715042960408467820e+00 3.910995707738011144e+06
1.727172258866892740e+00 3.870122066961634904e+06
1.739387339363723139e+00 3.829731565277887508e+06
1.751688808575271983e+00 3.789814033318101428e+06
1.764077277468456328e+00 3.750359433680896647e+06
1.776553361331127956e+00 3.711357859447957482e+06
1.789117679802645577e+00 3.672799532759995200e+06
1.801770856904636453e+00 3.634674803455032408e+06
1.814513521072003366e+00 3.596974147771034855e+06
1.827346305184121444e+00 3.559688167114960495e+06
1.840269846596286785e+00 3.522807586900203489e+06
1.853284787171355585e+00 3.486323255454572383e+06
1.866391773311638191e+00 3.450226143000709359e+06
1.879591455990990756e+00 3.414507340711082332e+06
1.892884490787151375e+00 3.379158059839400463e+06
1.906271537914306924e+00 3.344169630930560641e+06
1.919753262255868842e+00 3.309533503110984806e+06
1.933330333397511813e+00 3.275241243461286183e+06
1.947003425660413400e+00 3.241284536473152228e+06
1.960773218134760354e+00 3.207655183592222165e+06
1.974640394713461644e+00 3.174345102848854382e+06
1.988605644126129945e+00 3.141346328578374349e+06
2.002669659973272065e+00 3.108651011232602410e+06
2.016833140760753817e+00 3.076251417284133378e+06
2.031096789934477176e+00 3.044139929224960040e+06
2.045461315915330758e+00 3.012309045660859905e+06
2.059927432134361691e+00 2.980751381502791774e+06
2.074495857068223259e+00 2.949459668256627861e+06
2.089167314274842369e+00 2.918426754412204027e+06
2.103942532429374346e+00 2.887645605932682753e+06
2.118822245360376222e+00 2.857109306845074985e+06
2.133807192086262017e+00 2.826811059932515025e+06
2.148898116852011153e+00 2.796744187528740149e+06
2.164095769166118455e+00 2.766902132415145636e+06
2.179400903837836800e+00 2.737278458820398897e+06
2.194814281014648039e+00 2.707866853522560094e+06
2.210336666220032775e+00 2.678661127053207252e+06
2.225968830391475528e+00 2.649655215003108140e+06
2.241711549918771418e+00 2.620843179428336211e+06
2.257565606682566450e+00 2.592219210355821997e+06
2.273531788093211770e+00 2.563777627386700362e+06
2.289610887129851502e+00 2.535512881395690609e+06
2.305803702379824571e+00 2.507419556324322708e+06
2.322111038078310319e+00 2.479492371065540239e+06
2.338533704148290759e+00 2.451726181436543819e+06
2.355072516240755753e+00 2.424115982236868702e+06
2.371728295775233697e+00 2.396656909387636930e+06
2.388501869980571790e+00 2.369344242148014717e+06
2.405394071936026279e+00 2.342173405404130463e+06
2.422405740612648462e+00 2.315139972025258001e+06
2.439537720914934926e+00 2.288239665281833615e+06
2.456790863722809526e+00 2.261468361318933778e+06
2.474166025933864699e+00 2.234822091678740457e+06
2.491664070505939854e+00 2.208297045864656568e+06
2.509285866499961326e+00 2.181889573939349502e+06
2.527032289123124720e+00 2.155596189148394391e+06
2.544904219772343712e+00 2.129413570560637861e+06
2.562902546078045241e+00 2.103338565715669189e+06
2.581028161948235589e+00 2.077368193268470233e+06
2.599281967612915967e+00 2.051499645620438037e+06
2.617664869668775207e+00 2.025730291525637498e+06
2.636177781124234620e+00 2.000057678660296137e+06
2.654821621444776181e+00 1.974479536143215606e+06
2.673597316598627316e+00 1.948993776994060725e+06
2.692505799102730357e+00 1.923598500515964581e+06
2.711548008069078364e+00 1.898291994588325731e+06
2.730724889251336940e+00 1.873072737855324754e+06
2.750037395091826209e+00 1.847939401794845937e+06
2.769486484768832746e+00 1.822890852652486647e+06
2.789073124244227930e+00 1.797926153224591631e+06
2.808798286311467329e+00 1.773044564473940525e+06
2.828662950643881846e+00 1.748245546961582033e+06
2.848668103843357446e+00 1.723528762077764375e+06
2.868814739489313315e+00 1.698894073054918554e+06
2.889103858188073026e+00 1.674341545745437499e+06
2.909536467622535483e+00 1.649871449146855855e+06
2.930113582602247302e+00 1.625484255657184403e+06
2.950836225113781186e+00 1.601180641043157317e+06
2.971705424371517523e+00 1.576961484104297357e+06
2.992722216868737295e+00 1.552827866016110405e+06
3.013887646429125766e+00 1.528781069335922599e+06
3.035202764258589259e+00 1.504822576655574609e+06
3.056668628997491144e+00 1.480954068885477493e+06
3.078286306773207581e+00 1.457177423155601835e+06
3.100056871253086044e+00 1.433494710319475038e+06
3.121981403697783541e+00 1.409908192048299825e+06
3.144060993014941907e+00 1.386420317503547529e+06
3.166296735813299179e+00 1.363033719577210955e+06
3.188689736457125168e+00 1.339751210690594511e+06
3.211241107121099336e+00 1.316575778143551433e+06
3.233951967845519970e+00 1.293510579008034430e+06
3.256823446591960103e+00 1.270558934561160393e+06
3.279856679299263167e+00 1.247724324254991719e+06
3.303052809939984957e+00 1.225010379221940879e+06
3.326412990577185536e+00 1.202420875317054335e+06
3.349938381421674549e+00 1.179959725699950708e+06
3.373630150889606050e+00 1.157630972962097498e+06
3.397489475660538716e+00 1.135438780806726310e+06
3.421517540735847351e+00 1.113387425291465130e+06
3.445715539497606006e+00 1.091481285645936616e+06
3.470084673767835248e+00 1.069724834679166088e+06
3.494626153868200635e+00 1.048122628793901182e+06
3.519341198680137062e+00 1.026679297627684660e+06
3.544231035705359467e+00 1.005399533342799172e+06
3.569296901126859378e+00 9.842880795897555072e+05
3.594540039870269155e+00 9.633497201714084949e+05
3.619961705665723617e+00 9.425892674371106550e+05
3.645563161110100037e+00 9.220115504386416869e+05
3.671345677729752843e+00 9.016214028817985673e+05
3.697310536043638240e+00 8.814236509095968213e+05
3.723459025626941976e+00 8.614231007550595095e+05
3.749792445175096578e+00 8.416245263031483628e+05
3.776312102568314177e+00 8.220326566032015253e+05
3.803019314936512796e+00 8.026521633744972060e+05
3.829915408724764436e+00 7.834876485487833852e+05
3.857001719759141967e+00 7.645436318946414394e+05
3.884279593313097134e+00 7.458245387691096403e+05
3.911750384174244477e+00 7.273346880426547723e+05
3.939415456711678143e+00 7.090782802435377380e+05
3.967276184943707040e+00 6.910593859677563887e+05
3.995333952606112238e+00 6.732819346001415979e+05
4.023590153220879095e+00 6.557497033916724613e+05
4.052046190165383699e+00 6.384663069370759185e+05
4.080703476742123748e+00 6.214351870954243932e+05
4.109563436248881096e+00 6.046596033950650599e+05
4.138627502049441631e+00 5.881426239621092100e+05
4.167897117644755234e+00 5.718871170099751325e+05
4.197373736744657080e+00 5.558957429247093387e+05
4.227058823340041904e+00 5.401709469784003450e+05
4.256953851775601372e+00 5.247149527001478709e+05
4.287060306823019751e+00 5.095297559308357304e+05
4.317379683754746900e+00 4.946171195847684867e+05
4.347913488418234884e+00 4.799785691377961775e+05
4.378663237310754575e+00 4.656153888579107006e+05
4.409630457654684754e+00 4.515286187906666892e+05
4.440816687473396307e+00 4.377190525078403880e+05
4.472223475667610693e+00 4.241872356241558446e+05
4.503852382092338402e+00 4.109334650826881989e+05
4.535704977634366308e+00 3.979577892060170416e+05
4.567782844290247724e+00 3.852600085061211139e+05
4.600087575244907079e+00 3.728396772423932562e+05
4.632620774950732212e+00 3.606961057134247385e+05
4.665384059207298151e+00 3.488283632646786864e+05
4.698379055241581170e+00 3.372352819907877129e+05
4.731607401788815004e+00 3.259154611080999603e+05
4.765070749173839104e+00 3.148672719699265435e+05
4.798770759393106822e+00 3.040888636944422615e+05
4.832709106197189186e+00 2.935781693724632496e+05
4.866887475173941269e+00 2.833329128202461870e+05
4.901307563832183689e+00 2.733506158404650632e+05
4.935971081686049367e+00 2.636286059528515907e+05
4.970879750339845415e+00 2.541640245547083614e+05
5.006035303573603379e+00 2.449538354704416997e+05
5.041439487429151711e+00 2.359948338485469576e+05
5.077094060296849953e+00 2.272836553641838254e+05
5.113000793002938416e+00 2.188167856852060650e+05
5.149161468897450966e+00 2.105905701600438042e+05
5.185577883942828592e+00 2.026012236860178527e+05
5.222251846803077413e+00 1.948448407178073539e+05
5.259185178933637239e+00 1.873174053766503639e+05
5.296379714671807903e+00 1.800148016223520099e+05
5.333837301327894131e+00 1.729328234516262310e+05
5.371559799276911740e+00 1.660671850882798317e+05
5.409549082051029245e+00 1.594135311325293442e+05
5.447807036432573469e+00 1.529674466390857997e+05
5.486335562547784761e+00 1.467244670958323404e+05
5.525136573961145992e+00 1.406800882774056518e+05
5.564211997770461160e+00 1.348297759504382266e+05
5.603563774702529088e+00 1.291689754098779085e+05
5.643193859209571173e+00 1.236931208282340085e+05
5.683104219566259552e+00 1.183976444023320946e+05
5.723296837967517980e+00 1.132779852845434943e+05
5.763773710626932001e+00 1.083295982879864023e+05
5.804536847875906957e+00 1.035479623574668076e+05
5.845588274263531225e+00 9.892858880002933438e+04
5.886930028657091363e+00 9.446702927104453556e+04
5.928564164343377740e+00 9.015888351321827213e+04
5.970492749130616339e+00 8.599980684749672946e+04
6.012717865451219446e+00 8.198551741560328810e+04
6.055241610465158963e+00 7.811180317464111431e+04
6.098066096164178163e+00 7.437452864415071963e+04
6.141193449476634925e+00 7.076964140554706682e+04
6.184625812373186093e+00 6.729317835268181807e+04
6.228365341973125524e+00 6.394127169039379078e+04
6.272414210651564126e+00 6.071015467525079293e+04
6.316774606147276927e+00 5.759616708915278286e+04
6.361448731671411672e+00 5.459576043195584498e+04
6.406438806016858223e+00 5.170550281375832128e+04
6.451747063668501703e+00 4.892208352094258589e+04
6.497375754914157753e+00 4.624231722232380707e+04
6.543327145956349788e+00 4.366314777295209933e+04
6.589603519024886502e+00 4.118165156321242830e+04
6.636207172490164119e+00 3.879504034991186199e+04
6.683140420977371043e+00 3.650066349426582019e+04
6.730405595481391501e+00 3.429600951924477704e+04
6.778005043482632885e+00 3.217870688604796669e+04
6.825941129063561874e+00 3.014652387685340000e+04
6.874216233026173128e+00 2.819736745925141440e+04
6.922832753010177420e+00 2.632928099747144006e+04
6.971793103612142772e+00 2.454044066777269472e+04
7.021099716505362132e+00 2.282915043125625380e+04
7.070755040560676719e+00 2.119383541819742459e+04
7.120761541968050778e+00 1.963303358530715923e+04
7.171121704359111781e+00 1.814538552276379778e+04
7.221838028930448239e+00 1.672962231303525914e+04
7.272913034567887181e+00 1.538455138012746829e+04
7.324349257971554117e+00 1.410904031741210019e+04
7.376149253781875359e+00 1.290199874566980725e+04
7.428315594706486280e+00 1.176235833095970702e+04
7.480850871647950484e+00 1.068905118404774839e+04
7.533757693832503044e+00 9.680986967891902168e+03
7.587038688939579778e+00 8.737029154224870581e+03
7.640696503232383918e+00 7.855970989974895929e+03
7.694733801689255692e+00 7.036511852815269776e+03
7.749153268136092620e+00 6.277234784181681789e+03
7.803957605379584272e+00 5.576586077808223308e+03
7.859149535341510173e+00 4.932857860949912720e+03
7.914731799193866379e+00 4.344174622297964561e+03
7.970707157495071193e+00 3.808484603998812418e+03
8.027078390327009316e+00 3.323556875875044625e+03
8.083848297433169350e+00 2.886984742177458884e+03
8.141019698357636614e+00 2.496195894297433370e+03
8.198595432585188192e+00 2.148469422800856591e+03
8.256578359682256618e+00 1.840959452406889795e+03
8.314971359439020659e+00 1.570724785448848252e+03
8.373777332012377173e+00 1.334763561150465421e+03
8.432999198069994762e+00 1.130051592817389292e+03
8.492639898935413711e+00 9.535827673939060105e+02
8.552702396734058965e+00 8.024097136361934872e+02
8.613189674540430829e+00 6.736828908396759061e+02
8.674104736526190962e+00 5.646863323290675680e+02
8.735450608109443849e+00 4.728684946451749056e+02
8.797230336104918891e+00 3.958669966310284281e+02
8.859446988875371076e+00 3.315264502956185311e+02
8.922103656483901801e+00 2.779090452488259757e+02
8.985203450847500051e+00 2.332980045613693392e+02
9.048749505891533929e+00 1.961944390131197622e+02
9.112744977705464322e+00 1.653084549815906144e+02
9.177193044699528457e+00 1.395455982329089295e+02
9.242096907762670455e+00 1.179898358237227143e+02
9.307459790421448886e+00 9.988429838760023927e+01
9.373284939000198435e+00 8.461094151215874604e+01
9.439575622782214737e+00 7.167015830181503588e+01
9.506335134172138268e+00 6.066120635555542862e+01
9.573566788859515952e+00 5.126411972231291969e+01
9.641273925983409043e+00 4.322357530864176312e+01
9.709459908298304853e+00 3.633498655795825272e+01
9.778128122341067652e+00 3.043291620089772920e+01
9.847281978599200514e+00 2.538174440108636887e+01
9.916924911680160548e+00 2.106840678200641648e+01
9.987060380482020605e+00 1.739693374290630601e+01
1.005769186836517193e+01 1.428447919222566753e+01
1.012882288332542657e+01 1.165851988035775655e+01
1.020045695816814479e+01 9.454928564812277614e+00
1.027259765068379416e+01 7.616665631367541600e+00
1.034524854382456027e+01 6.092884503086442471e+00
1.041841324588238393e+01 4.838297575126928152e+00
1.049209539066808539e+01 3.812695414456800602e+00
1.056629863769193101e+01 2.980549281653263272e+00
1.064102667234530664e+01 2.310654840630636642e+00
1.071628320608379603e+01 1.775794088149354133e+00
1.079207197661153650e+01 1.352404788346315501e+00
1.086839674806679490e+01 1.020253956426374620e+00
1.094526131120899137e+01 7.621158852447114107e-01
1.102266948360689192e+01 5.634571231516418699e-01
1.110062510982830020e+01 4.121315492110978473e-01
1.117913206163091111e+01 2.980887774695865078e-01
1.125819423815469555e+01 2.130988524919407712e-01
1.133781556611546826e+01 1.504957348199289779e-01
1.141799999999999926e+01 1.049415058586599253e-01
